172
466
692
512
15
599
75
84
851
450
29
175
278
458
270
678
502
63
229
660
740
381
871
973
974
156
199
480
281
930
465
119
824
259
914
658
440
957
742
100
729
131
936
778
620
689
973
932
687
456
263
49
811
818
25
957
898
446
144
272
115
524
485
264
697
89
616
482
884
408
53
548
346
83
721
683
197
289
470
694
639
50
333
102
938
726
979
45
1
200
38
105
131
556
442
338
695
504
603
541
220
851
91
471
661
876
252
393
943
180
69
932
807
32
943
659
89
771
925
99
87
2
582
991
789
244
373
10
288
867
832
482
638
195
83
755
66
883
196
777
209
385
986
674
725
652
828
105
562
77
303
881
220
888
568
117
146
406
388
770
614
949
22
884
947
478
922
955
295
745
131
257
368
117
598
232
102
989
362
203
461
569
604
603
725
599
753
281
28
878
469
865
238
487
139
75
610
183
937
489
171
588
741
231
644
367
564
173
30
356
393
931
611
376
864
70
197
147
895
306
696
878
284
597
872
138
992
799
682
85
97
190
349
725
807
484
988
584
535
292
233
701
800
143
455
512
272
386
986
767
976
183
533
333
766
946
318
606
979
587
259
107
687
206
270
286
639
314
938
243
396
917
741
394
736
666
314
223
14
687
632
423
235
921
454
145
601
547
479
363
277
659
353
266
880
663
318
737
557
289
100
73
18
326
262
190
410
73
122
495
188
280
600
91
255
126
161
761
283
138
476
791
502
689
855
183
978
56
52
984
531
94
5
993
893
645
687
367
882
102
271
186
783
563
913
66
726
17
467
278
287
865
888
156
461
308
578
582
393
825
998
474
627
760
711
669
385
661
860
360
248
737
699
338
393
783
44
380
477
419
983
927
680
227
38
49
880
790
936
187
551
91
519
826
565
168
316
204
595
683
695
403
736
358
2
798
141
788
953
869
224
56
346
590
573
919
754
199
285
815
902
775
76
143
516
750
523
689
1000
544
959
805
746
697
531
356
37
455
507
952
988
893
966
247
628
10
109
372
477
112
607
906
832
385
184
612
396
563
280
66
637
107
385
949
293
883
527
615
234
511
85
475
631
286
776
361
733
788
832
74
956
395
837
75
368
343
458
672
277
208
984
526
516
131
509
450
485
757
90
902
442
187
498
564
935
807
739
137
145
372
736
59
229
892
193
48
633
375
660
741
288
548
886
270
35
331
210
93
459
778
29
701
967
759
727
514
945
274
858
76
474
581
264
299
297
765
396
89
722
3
694
192
996
687
421
106
989
698
910
318
384
248
328
349
959
771
946
682
607
8
107
906
696
304
577
57
581
874
185
728
751
591
888
954
131
93
830
167
496
560
665
747
464
744
540
200
426
426
106
485
370
518
611
914
821
326
562
430
709
699
641
674
567
171
64
414
497
99
615
602
703
513
277
609
809
819
406
359
659
512
302
136
682
49
109
750
31
708
263
611
757
270
602
287
405
858
663
163
395
787
53
59
789
628
490
209
657
509
54
520
659
953
118
815
163
191
674
226
179
83
333
834
940
498
938
931
484
348
513
517
22
485
50
920
304
516
986
353
311
314
390
565
909
575
563
191
662
294
723
269
963
391
462
406
412
622
364
427
416
702
762
597
900
99
934
412
141
664
157
276
25
520
576
522
724
471
233
12
573
156
925
656
544
896
433
434
384
562
503
311
105
89
791
633
779
946
391
429
970
785
216
641
518
18
163
979
487
449
891
109
886
283
796
750
38
440
489
437
100
228
560
889
158
649
598
458
410
620
874
938
388
42
419
363
330
305
576
36
392
286
154
647
382
919
620
181
435
605
886
19
481
717
913
911
673
347
346
732
901
205
955
533
437
887
597
841
87
826
536
428
899
344
23
659
909
844
294
236
845
514
166
1000
721
763
172
621
189
293
57
176
524
857
662
932
531
186
94
916
46
836
36
548
911
86
52
190
230
680
365
432
551
450
85
118
743
160
671
645
237
903
255
16
286
951
134
755
272
589
37
321
416
157
758
986
531
924
687
212
830
244
883
69
178
833
905
602
477
576
149
765
14
768
103
158
797
56
118
409
209
389
678
229
654
422
845
526
181
94
420
466
36
383
869
411
612
812
388
479
401
609
878
722
427
280
216
828
201
726
71
335
774
477
931
812
726
282
32
869
77
183
325
995
702
249
823
195
329
249
969
404
531
29
187
522
764
64
34
875
29
923
712
788
512
677
864
527
168
746
192
780
767
750
928
728
829
639
529
330
245
638
88
766
504
940
705
400
736
591
557
487
769
282
173
505
869
371
222
127
765
247
205
371
729
132
91
746
746
700
150
742
965
725
702
562
835
552
204
703
248
601
158
873
286
33
190
20
331
859
41
787
182
779
952
651
140
376
603
965
786
181
824
977
635
607
362
544
149
555
862
308
152
198
312
767
504
879
842
825
129
662
929
624
361
76
258
562
555
159
22
737
907
499
512
182
984
387
750
365
367
78
345
215
262
401
116
247
168
585
653
282
949
361
661
143
126
600
695
293
491
274
709
183
533
773
122
218
902
424
433
63
385
956
931
942
159
632
793
742
237
117
539
780
313
160
8
32
529
204
968
413
629
791
940
853
900
926
998
952
636
120
517
919
466
959
160
162
421
153
746
712
420
61
459
424
339
394
757
832
10
164
566
602
317
383
48
105
779
203
985
455
505
442
215
686
322
357
690
191
30
431
500
1
866
421
983
977
21
889
192
650
925
318
513
157
280
491
902
442
597
461
232
76
210
806
725
284
120
102
351
550
506
492
413
586
842
558
857
875
407
891
100
803
441
145
621
98
927
64
288
152
169
240
417
901
246
291
211
778
258
959
938
704
116
432
511
415
449
102
934
349
13
212
30
813
822
737
150
916
253
192
499
921
247
361
490
588
259
853
642
519
353
836
826
581
361
675
90
851
762
251
395
819
458
873
535
702
499
655
842
231
857
704
281
901
924
572
612
97
901
564
394
546
763
523
116
627
52
987
772
647
161
586
974
409
163
657
73
187
74
280
92
817
473
383
875
409
262
74
841
573
682
672
137
127
197
727
512
811
78
605
803
679
736
869
162
764
296
333
80
51
39
770
789
851
791
871
677
442
764
799
201
388
720
294
79
547
754
310
587
225
292
256
453
861
798
545
110
824
846
24
331
272
166
657
850
800
837
268
563
691
285
968
153
938
843
897
329
522
627
834
769
742
589
883
681
307
523
284
860
208
452
493
119
750
639
225
42
450
209
680
145
888
60
281
299
944
564
519
185
117
529
331
486
714
94
140
383
806
978
43
788
53
724
836
656
927
623
151
781
583
976
391
247
574
439
538
1000
273
604
74
895
764
551
963
877
393
641
906
592
408
912
299
196
33
671
909
716
82
587
970
832
27
208
965
581
35
182
727
674
457
569
745
153
277
6
378
6
630
20
137
883
61
242
681
215
612
869
331
325
877
219
807
147
994
312
674
37
536
70
892
705
290
514
373
978
197
41
957
250
679
239
847
494
488
444
229
627
197
920
178
677
425
279
153
695
426
464
427
982
946
185
396
52
672
861
425
25
769
17
385
270
169
97
564
735
307
574
455
103
653
259
274
434
313
349
852
324
952
638
659
360
282
963
75
582
734
666
387
819
643
310
59
792
32
240
17
403
531
573
283
227
514
646
699
293
285
328
934
591
639
786
525
26
698
393
613
996
914
833
374
18
66
239
39
181
550
713
196
721
382
16
20
222
976
425
716
570
748
834
564
134
214
732
780
83
619
485
108
831
26
229
496
271
849
377
778
379
601
102
714
428
94
18
296
904
924
537
630
340
837
583
784
10
76
97
969
861
451
334
708
173
634
923
895
592
885
789
498
448
615
111
728
19
649
962
251
404
476
623
879
323
821
747
276
941
487
121
804
214
298
894
440
851
39
851
877
487
481
654
230
396
288
600
620
999
798
710
546
411
880
497
6
431
366
360
684
978
683
777
579
981
193
819
664
172
873
697
136
562
81
702
788
297
281
707
207
985
252
48
446
382
120
607
527
995
366
374
243
889
476
347
389
548
137
510
441
342
371
171
397
505
753
814
560
307
95
181
172
644
602
283
441
922
819
89
344
159
255
93
452
993
833
204
598
553
387
573
972
803
828
451
86
166
417
5
175
495
896
292
118
774
728
839
216
345
999
814
465
444
285
886
997
820
422
451
777
694
459
984
41
725
569
988
532
343
596
427
911
843
290
815
499
899
517
536
719
839
476
497
746
132
322
118
878
886
520
300
613
623
606
238
375
471
784
819
302
632
289
835
419
987
69
122
842
514
395
554
374
714
737
671
151
482
118
489
314
247
40
315
453
909
256
695
210
691
682
55
759
935
614
890
985
521
716
524
271
773
572
359
220
458
420
803
507
782
133
730
219
720
242
23
291
519
999
200
824
318
413
686
46
615
800
320
392
268
49
776
183
937
452
957
173
379
357
164
456
247
548
619
150
412
131
398
185
602
226
273
675
680
575
375
133
479
945
152
523
784
621
370
623
376
714
342
333
205
49
75
788
310
558
172
429
459
869
253
649
970
152
370
587
426
363
908
963
749
537
538
936
703
422
289
947
698
204
252
487
125
262
86
143
731
928
695
146
335
467
394
665
787
40
204
216
545
194
413
744
245
614
936
680
365
387
80
383
537
552
23
46
805
516
923
108
539
305
614
981
308
239
715
327
298
506
858
956
834
448
525
17
178
830
838
965
882
370
239
375
724
573
550
512
803
507
700
152
962
799
156
523
418
523
212
106
116
927
605
208
909
365
707
514
81
644
155
725
63
471
192
387
926
843
385
630
984
758
167
455
752
451
658
674
96
813
185
746
239
177
734
772
962
644
547
922
613
755
709
544
274
380
954
232
584
476
209
182
496
800
821
194
863
73
144
573
17
889
69
903
967
789
431
532
397
556
172
552
884
200
632
111
594
452
277
860
15
71
264
256
715
345
507
826
343
263
588
918
970
437
624
802
159
825
126
903
384
941
555
695
838
752
381
14
944
721
277
904
118
965
123
607
908
855
997
950
230
804
711
418
854
39
290
958
199
104
724
340
420
889
315
428
181
79
337
718
587
710
464
153
166
296
359
872
305
414
413
404
416
743
964
252
8
495
490
759
308
314
385
988
900
30
392
936
861
732
663
861
189
479
323
419
518
753
341
271
677
298
72
287
645
655
906
993
78
563
399
705
304
566
447
965
590
742
656
509
524
816
618
777
966
872
603
170
566
825
513
49
241
807
123
123
772
278
861
353
375
79
18
680
110
661
344
387
687
867
862
367
289
999
358
47
256
947
200
810
195
152
661
681
76
334
970
133
717
596
6
55
213
922
134
531
170
355
601
743
575
4
355
255
389
633
783
812
368
687
113
351
73
882
532
909
267
637
337
564
670
674
477
224
735
830
952
226
908
332
336
270
235
790
869
172
701
254
336
506
970
370
419
732
935
357
529
909
934
820
90
489
616
565
894
134
817
615
332
532
822
600
984
192
753
736
414
446
515
398
534
749
178
735
781
704
23
552
39
735
854
557
722
279
393
655
830
369
911
139
75
268
476
338
607
207
741
862
956
817
533
153
872
794
875
316
784
840
463
127
324
536
480
159
981
923
515
138
755
151
970
530
273
213
653
676
585
535
623
738
778
391
315
217
836
6
15
658
46
237
590
992
191
299
475
148
179
953
457
509
726
565
257
264
115
376
360
538
873
304
71
636
500
843
891
531
952
533
490
387
133
470
369
68
521
912
664
885
415
675
286
666
753
29
511
105
124
924
42
548
734
897
673
658
197
730
652
127
529
913
75
314
19
499
343
512
138
441
802
487
48
825
354
97
151
535
3
849
728
259
579
117
379
659
121
828
400
304
143
568
710
791
249
151
525
786
546
334
220
557
724
393
40
308
190
17
310
505
356
590
98
351
276
505
307
308
661
18
300
997
689
256
880
523
677
501
686
867
135
983
642
411
181
800
581
875
996
309
625
596
558
965
436
634
982
121
352
561
217
896
41
959
710
198
703
700
879
852
666
746
282
884
402
548
354
50
609
873
335
603
51
463
948
165
421
345
975
947
433
384
493
125
566
591
730
135
263
21
419
235
869
583
103
312
48
253
742
576
430
155
628
544
240
735
73
741
868
366
539
337
392
35
730
425
862
317
488
728
650
363
188
567
446
291
985
798
670
239
496
735
341
798
279
711
536
15
917
920
68
853
941
648
997
542
927
872
120
750
301
748
361
706
157
654
683
961
512
191
838
606
830
20
216
591
952
782
399
581
206
845
299
604
983
396
172
750
97
391
296
853
740
996
171
549
214
348
38
741
594
991
906
368
231
842
540
303
266
96
490
517
258
863
970
995
802
369
703
458
866
986
26
807
742
893
695
874
125
290
50
334
402
158
151
672
247
47
563
721
29
664
198
424
388
372
225
403
886
573
473
188
221
419
617
192
86
155
556
891
688
895
367
544
451
987
171
127
264
693
398
245
979
126
96
270
896
17
432
106
127
397
11
520
614
633
113
255
423
249
526
876
398
325
794
621
887
622
686
358
642
594
352
15
170
529
589
507
710
381
970
206
462
145
387
113
760
35
789
520
635
29
568
555
48
585
457
71
402
745
237
195
763
590
727
775
892
165
985
762
250
769
916
217
175
688
156
600
676
80
59
881
969
228
59
387
325
282
851
666
558
818
320
177
994
835
48
139
643
996
561
60
651
510
817
592
268
623
993
22
828
40
478
831
247
630
662
719
761
530
477
450
509
571
85
171
601
668
857
478
188
84
298
529
127
773
879
577
638
169
975
357
651
572
335
8
675
930
770
88
944
29
178
778
499
173
294
645
839
417
111
222
102
650
112
651
611
477
366
108
34
454
76
115
357
406
294
256
328
540
354
425
467
212
176
51
819
553
507
619
940
515
120
21
724
293
76
732
633
113
697
453
413
497
542
26
571
927
833
49
481
77
887
104
216
158
731
971
983
210
545
26
103
94
107
894
294
319
588
672
903
812
779
363
542
262
616
170
536
902
166
849
439
785
26
1
826
512
295
919
774
91
624
166
882
120
410
717
672
373
296
966
622
652
879
823
289
994
629
720
344
238
240
681
477
431
331
298
530
605
92
126
797
12
764
649
865
19
271
509
68
461
343
671
957
79
935
612
748
291
317
503
605
664
186
11
605
389
887
960
695
571
830
274
462
65
280
139
984
449
835
676
497
725
89
893
748
656
307
470
440
494
446
180
102
263
604
593
602
746
466
188
274
61
113
826
320
165
419
35
20
514
124
508
670
367
645
626
718
661
162
300
191
512
170
90
611
495
869
953
946
175
878
99
658
167
405
638
811
316
122
240
736
7
980
974
637
724
453
505
286
207
789
110
303
488
668
497
729
644
322
584
224
846
509
390
392
100
512
485
152
343
239
909
358
733
575
647
641
595
200
196
678
285
967
566
391
120
791
380
919
211
712
18
70
512
654
968
683
538
859
855
158
165
619
787
817
880
289
823
264
901
570
443
335
99
719
562
507
598
466
493
939
18
456
691
41
873
511
252
900
174
620
396
934
206
736
368
933
435
951
82
956
274
98
372
371
106
716
778
865
748
488
571
861
643
974
866
303
602
92
642
914
508
303
528
500
979
346
285
343
292
927
309
392
605
433
427
458
376
778
808
948
224
390
476
100
409
337
12
385
147
719
379
6
354
824
688
284
744
957
565
524
201
334
181
188
262
104
490
860
102
260
267
140
574
727
865
462
962
581
950
276
658
503
980
377
986
360
996
150
388
38
286
85
459
21
459
367
317
684
632
840
69
172
283
468
561
53
935
927
721
315
18
53
615
991
381
145
671
93
187
188
870
166
374
877
623
752
576
286
865
509
190
622
77
935
849
165
3
393
15
154
132
824
965
293
432
358
589
97
295
65
130
914
461
748
851
564
52
745
767
764
256
473
260
849
126
57
118
278
146
340
255
752
666
126
154
525
58
951
538
385
117
400
811
477
723
694
816
855
263
797
25
855
185
78
6
134
730
732
210
588
724
654
970
619
603
402
76
444
266
150
734
667
563
156
683
260
693
660
1
931
906
946
726
37
311
976
114
688
803
551
191
467
111
473
750
397
609
771
194
618
233
339
458
829
611
721
781
681
976
398
765
222
581
365
703
920
819
107
679
828
522
291
231
165
508
256
593
507
413
770
504
322
229
910
764
635
786
440
572
311
945
46
122
351
176
667
802
697
665
1000
261
839
837
445
115
346
164
282
629
908
773
937
785
937
604
914
617
785
211
233
412
346
312
753
669
771
414
53
757
439
707
898
223
570
969
958
645
368
858
298
565
361
754
892
84
742
787
617
610
642
665
265
142
304
534
378
988
390
175
688
372
717
670
912
738
962
86
354
773
965
778
961
578
431
192
269
863
674
87
207
60
739
564
246
923
608
336
661
295
765
429
503
800
160
342
390
791
684
341
439
108
793
655
221
180
752
42
74
976
967
443
993
648
677
551
229
827
577
513
644
301
155
443
73
606
633
876
283
431
160
489
599
827
660
436
439
906
647
46
212
119
441
972
108
35
89
805
965
60
326
989
199
680
401
13
414
877
935
144
481
921
111
841
109
541
786
325
991
733
916
544
711
675
299
366
821
753
860
915
547
904
446
901
107
647
138
476
101
938
905
331
444
518
858
834
498
817
273
301
331
653
60
87
164
67
315
388
254
614
237
947
453
699
587
134
862
976
688
650
5
334
792
322
811
55
814
87
377
206
588
233
771
430
50
110
802
960
681
419
645
476
442
650
634
128
119
452
194
55
223
910
451
34
83
212
961
655
241
852
827
948
587
895
57
549
149
710
231
362
557
309
667
538
168
193
472
88
708
931
926
780
496
457
177
975
435
546
755
385
528
991
732
423
100
415
38
188
199
208
356
18
404
842
146
911
43
125
224
472
814
458
529
187
555
471
943
787
429
392
361
774
587
331
240
580
855
905
230
443
860
740
334
376
980
912
110
501
384
467
392
636
17
776
813
70
624
380
722
116
881
285
866
578
144
865
301
478
511
14
366
718
437
240
747
706
574
835
771
485
390
592
165
266
240
520
204
906
32
109
712
61
549
831
552
437
763
156
632
579
442
667
612
413
570
194
476
989
223
819
406
659
679
240
63
479
747
389
354
695
410
375
27
757
971
7
258
771
804
324
639
384
131
782
207
462
784
430
974
335
609
271
138
667
632
897
783
784
126
881
739
777
564
528
219
309
56
702
916
793
988
931
925
265
285
466
755
738
173
797
225
874
84
516
525
747
145
149
259
586
872
170
36
324
245
735
64
955
73
676
729
429
200
562
983
240
319
712
741
540
639
945
352
584
432
201
146
595
211
969
529
484
330
195
738
133
253
235
795
79
944
952
379
374
581
488
638
901
590
607
891
446
341
128
138
949
177
372
834
834
198
112
545
770
521
229
119
958
234
577
319
925
308
664
863
442
321
702
630
460
361
860
750
357
851
563
186
252
848
545
141
221
584
736
924
735
792
280
474
469
851
216
982
112
257
482
462
818
978
564
500
441
978
514
684
709
229
815
117
16
617
263
749
178
517
472
945
400
789
837
13
134
233
761
323
653
327
278
276
386
737
633
632
999
245
863
36
693
497
224
423
545
164
281
796
71
974
84
775
648
4
13
483
629
301
319
311
966
969
275
807
596
255
882
459
53
406
884
271
237
724
968
295
55
456
259
657
79
879
879
818
573
463
246
897
822
988
143
901
626
748
257
545
536
725
795
312
133
105
280
997
79
251
215
232
667
710
742
721
81
690
19
247
882
359
895
180
312
562
152
429
336
494
901
671
59
707
363
748
592
193
187
446
341
574
984
33
310
306
637
149
924
41
186
105
923
288
904
667
504
212
600
472
50
486
552
67
595
965
820
133
179
706
503
726
516
317
302
37
921
898
526
409
142
795
777
402
832
599
566
945
782
183
725
353
356
514
34
967
994
374
75
171
185
943
723
362
307
876
469
154
190
423
552
828
38
866
218
269
150
977
24
584
920
109
366
908
206
393
719
645
725
331
539
677
740
162
972
833
443
850
688
702
153
929
649
105
814
322
598
944
567
677
372
763
233
503
56
47
712
975
814
271
750
730
468
690
514
933
866
969
985
909
731
410
298
237
211
883
628
739
830
555
663
965
968
896
678
861
841
961
265
377
103
723
742
534
553
60
105
144
525
251
125
492
594
28
331
618
210
589
595
856
154
11
264
256
337
808
718
916
57
457
148
309
850
242
245
876
127
470
483
509
976
140
63
314
664
935
406
828
217
201
94
811
311
949
474
117
303
695
72
338
410
568
837
811
84
984
247
171
607
376
502
504
927
26
392
540
649
678
765
463
599
827
908
475
425
561
683
724
318
867
280
482
648
51
454
84
4
960
544
35
879
406
417
156
638
328
163
676
308
156
390
399
630
816
930
475
814
352
957
350
417
413
211
957
387
325
90
110
433
517
940
912
619
677
620
67
917
901
119
42
197
564
708
11
278
404
346
956
10
25
681
68
556
370
875
600
364
477
720
913
114
847
313
295
238
199
44
658
245
163
442
305
638
460
150
923
448
465
333
352
923
478
921
39
204
302
942
855
679
19
892
878
60
388
981
7
61
812
335
817
889
288
595
79
104
457
619
213
567
14
645
353
592
610
70
195
350
428
900
207
28
696
198
697
32
308
51
144
853
243
4
719
849
510
788
931
783
156
346
958
192
704
917
223
350
639
883
133
390
487
409
567
791
337
427
248
486
897
310
34
923
858
284
499
916
705
11
8
4
52
20
373
641
802
485
771
982
655
122
535
971
282
800
88
357
31
514
221
233
108
460
200
331
181
393
588
343
17
641
823
8
2
393
60
116
596
87
449
3
920
504
454
40
646
533
888
857
875
986
650
300
303
212
81
987
428
473
432
79
48
42
222
223
915
942
580
301
109
366
441
482
349
340
143
622
11
544
590
948
355
545
786
443
917
543
84
863
583
621
380
748
69
753
842
531
925
743
996
465
712
900
207
571
143
539
257
178
218
377
405
64
839
862
556
170
631
809
302
794
983
710
667
714
134
353
795
590
190
826
746
420
931
617
478
844
640
412
96
293
319
271
601
501
109
879
67
615
424
987
523
330
719
272
159
29
767
744
9
238
733
218
240
783
707
138
882
541
985
186
958
220
446
637
179
44
65
661
549
633
241
455
841
365
360
232
827
411
12
975
419
810
712
267
174
492
940
731
371
91
515
95
255
349
124
7
786
769
798
619
127
223
245
24
113
597
851
880
922
754
768
894
400
950
677
995
498
547
851
80
618
70
600
985
699
320
970
694
896
939
65
19
641
951
993
767
339
8
145
829
741
28
663
263
163
278
108
605
636
204
873
785
386
229
544
91
896
879
879
509
265
4
982
797
342
790
102
693
131
241
5
37
414
255
828
179
476
46
551
664
898
333
149
960
476
441
956
199
919
865
600
884
891
919
870
543
627
757
901
782
252
482
535
457
732
189
263
252
715
826
737
945
455
1
158
857
524
817
648
387
768
513
33
5
376
976
357
926
996
521
951
810
313
189
347
785
422
103
762
381
701
473
95
602
394
23
279
393
150
103
23
260
71
103
796
378
618
433
79
868
242
62
940
437
672
949
901
142
930
466
576
25
551
994
9
83
279
435
750
962
872
867
982
282
888
791
34
155
15
830
501
993
166
361
377
298
916
937
315
23
963
389
92
439
373
687
397
493
869
709
360
790
744
316
266
549
446
556
497
275
906
734
289
49
856
249
258
653
986
911
432
978
685
631
183
42
387
215
644
801
303
233
833
653
108
518
615
438
784
516
830
643
230
923
493
934
691
186
512
271
34
398
227
529
943
731
62
327
902
1
591
781
174
890
276
854
102
749
540
965
304
747
329
230
351
990
702
349
886
494
248
620
169
438
514
221
506
814
672
332
35
114
692
274
715
774
957
990
642
337
288
702
247
326
233
953
561
609
172
238
775
637
33
470
799
198
988
428
194
635
390
644
494
647
832
277
785
523
344
87
375
684
806
18
371
574
723
7
747
416
115
493
35
115
893
427
345
961
617
180
22
612
916
462
445
594
962
744
510
866
168
707
858
907
857
667
930
296
445
914
531
188
332
474
400
683
408
374
709
212
918
689
508
622
934
266
919
359
301
789
116
12
35
630
232
161
807
88
369
776
51
377
519
58
144
911
798
516
768
518
190
912
945
109
107
735
522
444
901
526
332
79
172
527
279
119
553
525
607
213
63
549
849
795
700
467
862
114
895
543
365
880
91
453
872
591
932
904
615
102
493
874
927
960
838
757
385
609
481
976
256
835
431
633
38
663
585
187
916
116
474
100
310
957
127
771
542
157
830
956
57
845
144
564
64
831
454
753
325
962
811
403
404
610
585
666
198
150
59
789
205
532
528
51
507
978
812
577
999
739
728
772
604
285
847
334
593
123
439
779
903
638
328
214
925
964
147
280
529
618
332
791
942
389
567
446
472
65
691
486
606
210
489
546
25
161
970
191
549
633
76
25
635
38
972
899
88
685
489
410
758
544
931
114
870
988
987
975
93
868
675
847
721
842
146
138
932
948
300
638
585
297
471
325
129
887
751
557
956
47
455
348
340
920
153
307
970
319
254
532
427
551
196
696
518
632
382
80
480
467
738
638
436
461
45
521
249
383
718
777
671
721
252
151
681
364
561
527
295
753
997
664
808
487
444
534
521
107
210
133
351
484
188
921
484
24
773
445
536
696
729
640
341
702
215
302
988
656
66
244
376
866
406
734
837
370
613
603
750
798
548
287
939
905
606
77
730
408
618
32
160
898
326
931
25
658
86
666
28
441
623
107
565
986
74
159
547
234
495
873
874
435
178
574
620
323
727
885
348
428
602
766
690
263
475
891
340
49
760
156
983
294
161
338
472
227
927
608
528
37
982
979
677
501
822
973
682
743
983
337
62
102
279
183
200
857
292
984
624
807
22
336
13
624
284
654
502
278
902
242
908
740
73
801
710
328
720
306
689
385
699
51
614
947
786
771
257
934
457
81
770
443
245
243
373
516
71
339
30
843
187
138
875
365
241
200
626
955
884
495
170
247
616
302
385
460
84
251
93
797
928
243
582
673
151
882
657
905
676
66
662
407
350
297
942
958
527
452
1
664
726
101
223
641
381
446
833
764
533
143
899
131
995
475
330
692
719
469
463
248
430
254
574
348
821
889
126
20
329
385
831
559
222
795
363
51
518
632
937
733
172
393
982
185
873
300
929
747
784
437
346
514
417
475
863
815
33
968
158
989
571
911
508
663
232
235
523
871
18
456
606
2
812
8
740
218
935
72
519
501
813
999
530
747
542
673
922
94
671
866
52
965
82
747
926
878
573
320
956
72
850
380
484
625
836
377
930
149
250
446
522
439
695
279
626
287
410
830
105
571
681
908
147
858
88
329
648
322
189
317
884
153
363
520
327
237
232
862
519
298
134
202
240
996
354
782
295
428
195
403
86
405
170
790
130
833
654
626
838
298
691
493
157
851
994
953
757
52
276
926
194
517
527
951
596
676
767
882
291
539
602
936
79
490
199
747
414
954
626
377
379
24
445
126
248
715
449
971
77
910
122
282
168
672
204
777
734
634
624
551
676
465
498
261
180
807
964
92
737
373
471
171
47
576
958
146
662
169
980
208
124
26
644
947
627
28
32
369
354
498
965
375
203
506
278
920
944
361
527
269
449
691
333
667
7
188
644
353
51
354
862
237
912
3
482
794
350
436
286
561
67
527
454
283
971
80
21
251
758
437
120
999
90
868
184
574
569
587
803
205
75
76
968
287
436
601
478
80
804
570
943
682
573
977
255
405
283
768
863
275
674
483
945
297
134
282
820
436
913
217
613
891
866
484
914
532
276
311
115
63
237
911
22
343
136
872
736
237
987
53
226
871
55
304
910
969
699
275
762
555
342
973
477
333
699
730
718
219
780
849
818
565
663
995
948
586
198
580
122
445
794
891
475
684
73
9
758
323
355
319
107
382
994
1000
202
252
617
123
10
557
887
46
148
739
203
546
688
196
880
364
317
301
75
250
460
875
360
885
305
151
281
148
274
558
364
660
615
502
363
761
15
873
435
717
655
968
217
997
892
543
177
702
668
983
7
717
923
849
785
490
167
317
316
3
168
799
544
341
214
105
797
169
340
7
217
473
164
62
500
637
212
687
935
130
870
956
269
585
243
464
974
998
794
517
176
785
44
491
216
876
550
529
416
379
249
800
678
937
317
188
80
596
244
302
302
355
74
172
737
487
240
813
173
855
608
972
385
40
805
213
66
894
283
222
385
593
682
224
957
777
81
126
643
842
333
770
679
843
22
180
138
785
375
846
76
982
535
77
543
954
468
81
443
437
90
659
912
937
312
389
787
192
840
994
88
291
663
250
197
104
591
278
692
879
552
159
292
53
906
964
502
558
176
536
300
323
899
833
648
679
699
432
834
15
469
99
291
948
865
248
778
287
175
895
829
133
806
824
445
821
145
312
487
165
62
935
902
304
786
322
454
951
840
599
634
624
66
278
895
14
866
340
440
759
957
518
50
491
72
939
801
413
593
103
772
235
881
194
32
532
274
964
147
467
824
71
96
894
451
992
899
515
469
446
343
210
237
124
538
641
289
79
481
45
812
221
492
951
555
381
232
502
409
1
746
975
205
993
351
539
178
838
849
996
633
452
671
497
184
956
830
771
851
26
327
700
631
794
910
26
757
98
554
499
919
135
335
765
262
961
417
358
368
339
573
581
79
85
452
963
460
268
168
996
314
282
720
453
254
245
454
410
665
907
482
382
906
138
637
89
740
730
474
857
215
657
62
453
301
446
440
950
869
3
389
871
372
438
851
696
344
206
961
402
694
555
710
423
953
105
116
367
695
470
594
264
289
244
175
153
731
284
568
948
714
357
154
836
989
495
685
676
204
450
311
868
198
814
338
259
585
4
782
917
677
394
316
424
398
632
711
337
144
935
50
97
440
298
467
195
518
986
635
32
438
354
53
415
665
106
939
199
22
248
378
239
683
143
300
304
787
838
75
736
800
713
835
491
337
425
538
225
612
212
524
422
739
766
721
682
483
981
759
751
568
602
520
628
404
741
850
596
78
101
522
835
130
458
74
696
433
850
825
547
413
200
137
31
312
996
623
156
104
363
313
25
255
124
772
766
458
862
640
564
191
593
910
659
990
55
426
267
180
144
623
809
276
554
726
504
919
378
324
226
437
844
195
174
765
203
303
162
22
129
232
138
183
223
105
179
7
709
883
197
409
79
92
855
606
357
800
603
549
957
499
411
717
490
904
748
228
95
754
329
736
597
794
6
121
972
833
271
692
172
636
240
255
426
546
6
885
215
734
689
925
607
871
526
514
435
471
43
155
738
966
62
305
66
747
135
38
349
840
601
602
616
664
834
943
716
189
76
185
324
291
441
917
24
922
415
141
732
130
501
816
69
862
532
587
362
962
351
39
935
124
197
89
250
385
982
772
864
49
145
65
65
109
960
619
815
295
160
4
224
487
917
855
188
254
481
480
679
687
667
948
593
421
567
276
157
49
93
964
845
370
408
916
293
31
207
566
953
193
457
610
32
821
774
784
391
447
313
88
857
558
857
972
313
597
465
132
576
788
26
552
801
62
475
319
757
305
24
973
893
338
865
289
901
669
11
649
46
204
727
416
938
919
387
355
179
964
916
60
760
148
137
779
363
304
880
70
512
924
490
229
579
195
863
923
863
905
609
569
627
314
250
690
929
18
177
780
831
766
764
181
875
871
481
735
598
112
200
478
440
381
996
960
700
62
385
312
160
474
967
153
140
764
529
364
948
208
22
621
209
350
576
878
606
191
323
592
794
684
807
923
749
781
762
299
882
179
1000
220
998
151
309
251
893
683
697
937
567
653
120
371
311
258
106
930
981
570
951
909
897
923
888
24
138
19
575
258
877
440
862
761
212
995
946
520
611
473
872
71
751
54
735
929
148
124
619
695
147
701
624
690
255
307
307
3
136
622
626
764
598
648
645
229
174
124
904
753
596
816
79
118
744
656
567
244
719
336
93
492
652
888
642
652
338
22
199
638
611
586
501
526
532
59
701
407
739
215
272
783
506
586
484
824
491
905
412
956
937
476
18
365
274
405
569
306
866
203
507
318
136
475
552
612
381
424
327
579
556
495
993
682
814
861
972
454
546
133
521
385
854
473
791
504
516
452
132
901
881
849
698
869
283
987
532
26
965
238
741
128
869
690
178
195
472
80
661
831
572
93
503
708
505
63
965
943
119
62
529
621
467
945
802
742
305
440
154
634
977
844
36
232
405
254
402
334
200
83
904
105
881
376
977
893
666
143
65
729
986
79
74
694
449
257
200
262
160
911
120
329
194
393
450
831
791
67
754
890
627
688
141
21
583
453
379
154
606
527
531
663
994
417
827
515
436
133
713
326
753
908
689
354
945
138
946
806
882
746
168
726
872
13
493
902
667
569
818
236
132
454
274
979
224
362
700
266
833
415
638
244
695
417
929
97
7
364
301
72
304
710
137
425
218
185
141
338
881
298
567
952
521
236
178
524
108
5
107
853
813
313
333
508
129
32
801
882
363
521
825
67
605
118
645
183
71
898
616
321
974
276
410
17
764
245
871
658
593
281
507
19
472
305
487
857
526
546
253
673
183
98
913
70
195
506
372
217
455
906
531
502
392
851
377
6
616
665
88
146
741
603
908
979
978
31
77
703
282
482
965
328
900
495
543
1
599
793
44
453
527
850
70
510
193
984
374
656
631
580
887
843
499
177
568
843
758
765
447
840
822
14
535
822
719
476
97
250
473
989
8
968
929
565
5
519
876
254
508
797
738
952
102
47
275
887
126
456
579
765
931
604
62
607
826
913
73
325
532
192
685
226
874
373
638
817
817
676
190
96
974
129
457
244
823
313
894
730
415
294
692
685
906
436
377
832
964
758
182
499
355
350
917
214
189
701
330
469
314
651
351
783
321
395
263
826
950
50
383
175
279
517
186
152
383
226
447
227
852
871
731
509
843
140
761
39
412
199
239
118
374
718
655
485
190
170
529
452
566
920
886
216
159
112
653
277
210
140
598
539
353
395
766
686
592
376
242
126
193
531
460
799
732
132
943
352
137
454
762
349
27
590
423
40
966
544
516
110
601
726
95
894
989
393
466
262
479
50
291
294
880
973
440
599
385
980
134
125
935
230
798
68
649
233
385
991
519
324
657
188
41
840
991
240
722
221
42
746
343
230
594
583
649
880
172
566
170
530
52
456
113
670
587
891
781
784
470
534
523
958
85
159
190
272
482
333
709
63
202
235
298
902
95
682
544
472
775
114
865
963
869
75
196
863
495
914
928
885
110
847
207
590
73
915
499
311
709
512
259
182
395
182
135
765
115
689
435
782
54
210
478
219
104
623
241
850
578
476
285
180
855
958
849
855
896
115
520
93
332
585
402
345
240
891
450
794
750
675
927
904
916
850
57
597
259
466
669
200
437
675
645
65
3
369
329
79
259
64
775
117
992
642
608
68
965
959
842
712
393
375
873
449
85
10
976
952
595
238
400
83
669
299
265
656
327
483
939
828
55
569
923
608
607
462
135
251
748
774
970
867
29
759
252
573
320
385
320
98
969
290
451
169
36
920
585
412
248
244
445
2
906
984
272
610
693
749
571
94
877
30
659
250
603
4
361
290
480
560
622
270
802
173
513
702
881
914
746
209
240
202
23
959
632
5
312
75
649
280
53
121
961
363
521
36
221
70
432
780
87
823
633
673
424
615
751
578
865
940
569
377
505
288
625
40
910
321
452
841
859
377
902
172
203
441
40
11
206
938
168
497
14
951
523
142
164
374
283
447
726
621
24
205
300
824
821
145
645
727
958
903
3
985
73
743
578
579
68
817
659
782
314
864
667
307
116
682
302
623
71
647
806
724
46
730
466
430
91
597
449
234
872
586
839
985
46
180
711
914
781
884
554
403
86
143
470
691
966
229
969
530
466
526
543
280
574
102
875
358
622
632
604
865
520
318
352
843
966
245
169
928
579
855
34
484
296
570
141
376
224
602
746
870
490
829
791
131
836
919
776
605
969
230
666
337
830
42
376
481
851
136
959
327
883
328
22
425
488
992
68
440
355
639
414
916
237
428
800
543
780
613
241
634
520
163
11
766
933
802
39
115
127
404
725
271
644
814
281
301
603
485
363
46
795
636
394
288
519
562
481
703
174
132
785
18
656
964
32
128
729
906
15
947
22
110
696
78
390
57
236
946
469
5
937
574
799
908
191
547
133
821
562
494
837
313
861
141
622
555
312
288
116
581
484
254
400
84
112
638
500
396
715
65
894
249
268
808
671
97
395
554
352
840
812
873
854
782
777
975
460
319
348
474
64
338
317
630
855
596
571
604
468
872
627
723
673
882
220
664
228
524
433
364
888
159
496
538
47
808
136
40
232
866
498
624
268
168
475
141
910
684
875
739
163
384
82
637
233
8
553
819
938
935
642
304
851
819
571
340
165
253
307
625
519
334
936
165
228
75
188
156
161
509
354
858
603
787
277
431
809
761
673
787
139
885
616
98
414
438
525
522
486
904
468
117
545
721
117
89
612
836
153
239
615
381
721
397
213
674
853
183
905
31
838
609
899
805
48
293
911
35
476
349
895
191
992
828
989
785
266
142
606
391
811
682
968
353
745
306
647
14
853
498
762
884
666
53
839
913
530
659
738
521
956
378
512
680
485
488
638
762
269
651
424
274
310
28
391
298
219
788
630
641
939
976
99
238
69
531
847
142
370
424
979
610
64
129
749
801
66
83
177
671
322
599
989
170
796
877
301
116
798
861
540
809
377
663
162
101
557
728
337
830
824
370
423
778
331
35
508
325
408
740
548
919
162
231
885
67
84
265
233
189
652
588
733
742
139
270
171
96
219
387
984
989
833
105
616
343
129
698
758
559
571
928
196
111
754
471
213
345
211
806
890
337
828
889
210
27
77
926
199
241
483
144
242
233
372
541
394
887
234
92
120
229
41
366
147
32
172
634
664
24
469
745
266
164
922
595
560
395
92
386
825
302
770
915
450
557
191
852
696
195
40
911
153
127
485
471
908
56
607
576
55
189
143
962
885
34
663
819
829
134
556
180
279
96
367
649
7
55
910
482
42
478
304
841
412
354
64
487
459
417
78
262
238
338
374
536
62
227
708
290
238
357
221
751
650
18
480
830
322
354
348
292
361
120
46
61
492
629
408
242
148
782
691
436
589
567
26
354
18
843
452
12
979
658
650
520
425
338
70
850
413
406
967
541
451
249
837
355
97
265
205
1
800
17
925
259
236
739
647
315
623
658
989
199
323
438
112
561
970
667
972
917
781
424
315
121
77
862
916
885
761
744
30
147
9
477
588
3
553
248
356
840
197
655
54
416
919
747
626
446
112
402
326
890
218
875
185
418
818
159
482
785
903
295
254
374
43
793
598
191
835
725
699
290
465
15
266
503
314
144
740
304
445
291
989
86
760
316
811
122
798
692
9
737
925
638
916
580
34
871
973
243
157
351
537
200
767
68
177
599
23
489
995
556
437
639
986
862
686
494
101
115
149
192
171
892
859
573
120
143
20
867
539
461
568
813
768
322
968
394
32
253
583
715
425
514
999
62
185
879
144
714
287
869
778
23
729
787
845
577
117
592
231
545
397
413
842
301
175
75
458
89
407
561
208
363
782
608
371
905
382
857
963
700
890
418
134
962
112
473
403
781
939
404
95
378
330
673
677
97
610
181
470
69
924
340
360
599
7
334
301
237
385
112
600
851
689
205
273
77
484
641
148
601
608
98
832
448
703
674
982
352
330
665
371
96
851
48
264
76
223
693
728
847
852
720
40
348
383
686
848
149
231
673
528
147
675
630
854
9
580
128
784
515
497
53
356
638
994
267
121
513
106
340
836
56
750
677
54
582
199
776
278
115
123
871
178
770
834
279
126
149
959
71
76
60
522
932
107
656
964
566
345
646
257
247
179
597
941
274
524
739
210
477
540
318
677
18
793
545
201
98
357
767
220
127
352
90
905
981
129
761
728
166
64
672
852
796
460
762
21
77
151
567
651
925
218
383
297
197
153
826
180
637
947
828
677
867
382
695
352
749
287
329
929
791
960
873
821
587
377
8
822
120
16
968
284
19
467
683
616
685
545
668
976
47
12
142
938
292
477
726
583
769
467
469
593
518
199
758
10
394
287
857
192
945
304
24
273
829
906
114
895
216
663
74
941
764
489
412
955
722
176
845
573
987
759
199
848
903
592
122
353
580
300
376
522
960
555
697
100
417
540
85
699
130
311
281
924
968
105
905
317
727
865
416
732
134
619
664
197
462
217
103
409
671
257
646
42
157
501
364
792
39
298
683
408
190
860
511
562
724
773
455
107
591
912
447
431
149
807
963
794
43
99
520
60
598
127
914
989
5
989
762
430
185
1
92
88
379
767
734
180
870
100
628
435
831
302
635
159
955
445
408
762
229
469
257
122
444
37
175
439
942
842
410
922
241
749
523
991
858
195
126
807
714
327
705
77
38
176
130
607
384
483
694
398
886
92
308
558
645
45
361
558
849
259
423
599
591
121
65
936
955
152
787
872
775
909
725
797
730
301
276
37
464
808
497
182
877
977
914
106
903
110
286
139
153
972
41
950
665
564
993
207
335
22
189
27
139
526
975
435
992
865
79
258
942
636
879
728
291
448
745
72
898
72
980
923
582
666
954
175
824
278
972
715
129
235
404
28
413
63
924
940
21
327
483
363
675
543
459
155
446
127
954
283
678
719
472
939
519
90
293
352
686
191
810
661
326
1
183
669
894
143
943
869
43
688
945
128
729
616
606
301
15
755
426
685
535
854
797
311
954
8
908
107
547
128
816
930
598
573
880
459
310
848
511
573
458
188
186
362
212
792
725
177
523
634
289
420
112
863
823
710
66
492
548
14
883
73
284
716
270
586
8
256
531
528
620
572
382
208
83
641
892
163
247
317
766
476
89
565
533
702
42
260
181
823
883
975
408
82
25
233
10
992
440
512
555
392
215
358
194
698
191
258
542
671
533
16
361
329
650
199
602
769
929
671
331
663
224
488
582
921
629
649
21
359
779
78
832
371
588
301
483
739
782
756
297
677
414
620
898
625
299
126
190
932
862
441
764
242
665
62
560
258
951
815
881
809
75
472
933
556
473
463
199
453
766
791
708
20
166
259
69
623
261
466
264
908
704
721
891
304
832
558
907
993
918
848
27
414
9
171
456
773
530
911
781
260
751
346
212
78
296
847
809
535
289
324
141
502
493
271
756
646
628
135
446
26
397
836
774
790
670
35
517
110
447
870
16
200
587
417
859
925
489
791
929
297
712
588
76
160
704
891
225
999
667
310
412
352
571
689
347
204
394
430
461
730
727
538
264
352
680
449
859
481
809
263
634
800
598
608
113
452
942
230
88
133
94
22
882
888
810
22
109
852
356
907
858
915
751
166
596
311
50
811
375
941
546
183
481
368
202
960
428
79
177
929
717
242
87
708
466
542
971
366
684
838
609
179
469
292
611
476
313
76
784
216
956
296
148
683
214
372
629
150
477
850
345
689
942
773
271
98
263
109
50
951
626
119
296
438
337
603
952
449
520
846
80
728
653
713
26
557
342
378
262
107
560
145
849
475
570
922
947
313
302
779
958
840
89
626
279
207
610
269
919
747
723
702
492
12
334
886
515
345
626
793
816
256
606
220
412
666
764
321
275
733
354
800
184
990
765
911
379
171
493
778
14
963
952
824
275
425
343
334
299
333
339
353
440
591
445
74
864
222
328
6
809
109
331
575
323
840
829
436
413
279
407
595
429
506
63
313
431
976
163
374
830
833
312
142
394
514
823
458
48
791
509
429
756
116
837
503
527
622
891
30
969
664
526
912
482
115
219
12
573
919
517
193
704
759
736
5
12
527
92
105
926
337
489
706
200
704
954
868
643
148
16
862
545
502
118
260
249
15
887
876
603
924
606
254
802
753
352
620
28
437
395
910
16
526
26
756
3
16
768
703
806
412
900
237
768
24
786
371
72
282
409
437
545
845
630
250
170
611
586
462
77
164
483
557
603
969
581
658
184
426
19
831
160
492
58
601
450
520
942
320
348
845
1000
282
365
73
964
601
426
430
234
217
12
304
232
8
895
533
312
210
957
808
41
430
526
122
489
645
313
71
359
468
143
76
458
929
21
546
657
798
391
287
615
867
922
405
996
728
373
358
289
574
630
391
256
240
149
126
41
807
766
539
795
413
981
272
754
975
23
375
786
588
513
10
19
783
115
296
521
858
536
786
243
377
13
377
15
637
273
608
258
872
99
925
773
783
70
730
739
617
131
785
202
232
275
899
808
703
968
343
71
987
138
732
613
742
348
886
613
87
464
256
724
388
468
746
565
283
190
85
831
645
431
649
427
268
437
79
673
816
892
588
739
241
554
647
564
543
127
804
440
256
308
41
261
584
106
81
482
119
41
545
937
970
1
817
690
590
766
659
865
966
332
320
382
784
872
568
311
822
459
842
755
119
235
219
247
72
23
543
131
184
157
412
431
16
248
597
198
149
969
499
382
977
806
268
368
279
53
818
717
608
316
131
322
549
301
466
578
641
284
986
516
871
886
647
302
640
577
246
707
873
421
766
907
909
989
997
465
714
394
335
931
819
119
956
476
122
922
90
611
521
65
666
785
529
275
749
822
40
527
3
339
601
583
564
128
408
86
160
626
885
270
213
581
543
451
652
596
35
510
163
539
517
540
378
981
555
274
621
499
778
180
55
300
149
348
213
749
714
957
413
485
121
968
126
745
851
697
397
768
186
556
84
863
504
316
748
296
777
149
729
385
52
4
371
109
957
562
614
486
210
514
565
923
322
136
755
375
333
994
580
639
409
770
165
135
710
782
101
939
638
675
316
665
234
26
556
374
587
904
842
358
229
849
314
59
754
408
56
33
427
211
200
357
378
320
140
80
412
202
67
673
197
340
318
91
100
885
414
659
848
241
833
953
44
15
935
730
401
76
270
354
523
185
468
985
343
357
735
882
538
50
888
906
609
955
112
488
995
731
237
635
668
816
155
433
483
625
808
915
482
895
957
479
556
283
833
868
804
346
314
10
137
725
810
798
920
838
189
582
566
921
784
760
698
451
21
364
11
709
557
246
615
674
317
778
398
227
574
778
113
698
734
115
200
486
95
533
765
844
4
326
479
469
931
121
878
253
859
201
613
860
38
138
424
229
569
176
332
418
421
808
898
515
709
475
749
436
269
750
233
708
367
538
883
85
82
52
516
685
681
415
814
460
411
242
541
579
887
964
532
279
294
290
289
964
603
560
544
240
273
757
598
726
869
860
502
37
865
883
52
377
254
559
634
751
853
751
503
785
82
982
96
596
212
233
515
454
883
26
900
410
853
601
813
364
364
145
149
200
887
83
330
454
470
757
944
151
621
185
451
128
266
855
733
730
523
733
551
313
198
382
964
422
660
943
899
833
339
337
540
900
276
361
300
743
369
944
244
389
301
591
613
272
275
607
548
923
185
781
872
100
365
609
884
40
842
707
185
137
255
933
236
982
985
361
237
865
771
624
69
756
372
189
35
380
840
185
992
118
70
749
345
990
601
898
436
402
643
845
945
849
909
816
761
707
325
36
49
806
668
492
43
299
497
750
532
145
788
150
336
555
554
298
975
505
641
823
637
774
305
979
770
531
231
237
559
114
887
416
42
651
791
868
492
244
414
357
207
757
740
152
848
312
248
493
249
765
50
888
296
771
837
158
486
341
97
875
759
836
697
380
969
84
423
510
422
737
137
57
378
891
260
289
377
63
795
278
417
161
444
506
433
960
495
425
287
298
732
791
709
261
339
803
573
969
619
1
86
188
817
803
691
567
919
256
435
765
287
868
715
337
170
931
274
663
657
260
480
319
607
340
105
445
351
36
743
165
662
855
802
887
775
152
298
13
238
644
157
217
982
350
675
432
732
155
819
684
225
90
463
468
469
576
900
569
12
239
258
568
885
464
921
123
89
331
452
1
650
890
688
386
448
430
502
934
977
576
505
678
807
196
942
70
971
881
149
172
225
657
551
811
181
223
894
588
129
301
832
567
194
579
210
504
858
745
788
859
755
708
196
35
246
198
642
183
38
661
356
245
56
631
9
498
142
117
757
323
257
975
265
53
923
719
909
858
223
710
80
130
287
567
461
588
697
340
675
360
725
249
260
457
352
11
778
586
1000
734
337
455
980
106
677
508
597
565
375
33
129
257
282
359
949
775
179
18
400
273
64
178
201
344
688
360
295
698
169
305
424
803
506
12
776
210
763
546
330
11
61
109
532
423
221
177
565
399
115
511
938
873
26
31
499
7
133
917
251
306
70
281
589
133
782
282
728
568
516
699
111
490
851
851
49
672
682
444
219
296
562
572
519
72
811
417
319
395
751
665
517
216
75
303
244
950
331
528
997
690
154
958
367
731
934
666
292
724
687
730
550
231
724
246
692
653
957
319
801
158
357
590
664
994
134
44
770
958
774
177
658
538
826
549
209
610
926
885
842
587
868
956
622
274
252
349
840
988
614
602
476
354
361
17
46
673
800
204
635
525
566
243
444
755
637
1000
672
505
887
864
179
468
321
557
796
651
390
557
11
681
126
710
14
326
665
719
497
739
564
6
386
909
448
285
917
565
394
783
803
109
523
147
840
890
826
971
237
652
570
773
520
191
834
575
713
700
439
577
370
546
195
203
144
856
813
376
84
290
803
709
694
964
433
211
413
315
884
383
12
104
851
611
295
98
592
305
601
805
30
142
732
853
330
509
619
494
144
178
308
880
374
785
591
55
848
453
851
430
845
457
297
128
948
909
868
185
312
27
634
416
149
39
268
735
703
506
125
674
469
902
250
326
284
818
856
215
725
909
370
330
573
976
987
18
513
112
643
586
325
269
166
850
452
233
106
796
13
653
569
375
419
309
251
568
240
171
722
884
60
862
210
34
439
757
79
826
407
89
475
460
536
299
984
576
744
326
515
737
51
396
947
997
979
246
940
818
581
643
169
139
137
356
87
356
890
268
650
597
203
576
230
171
858
121
427
393
250
527
360
657
907
713
376
428
330
203
439
632
809
853
255
774
156
520
670
448
879
427
953
214
807
4
163
157
132
209
507
174
205
741
493
639
622
47
264
374
729
423
82
576
892
287
728
841
159
826
109
394
916
677
843
783
257
660
194
488
762
792
888
193
976
193
147
360
906
958
256
735
997
763
183
448
681
969
238
490
369
689
105
666
648
429
26
772
179
79
332
179
457
91
814
346
87
303
349
408
619
631
456
894
770
635
295
973
305
429
416
947
123
788
505
226
970
425
360
108
930
108
458
835
701
118
246
810
439
829
483
613
851
568
561
180
949
268
487
725
334
884
773
782
8
193
49
996
169
27
588
362
185
544
984
53
813
827
123
393
831
672
941
437
89
839
509
205
83
642
412
710
319
925
631
281
879
814
806
709
969
129
218
819
842
840
490
371
815
830
594
323
841
841
758
799
270
703
395
808
672
363
420
331
855
443
864
705
768
881
900
780
516
751
411
189
661
734
209
721
474
656
295
444
660
726
428
447
248
241
868
100
418
140
887
441
880
958
413
653
663
643
609
241
110
940
987
235
517
802
402
668
761
208
151
515
276
336
951
114
920
271
348
790
345
511
922
695
11
612
917
261
775
892
870
846
366
780
578
584
804
288
155
583
717
669
861
273
983
52
194
358
881
721
434
402
392
791
57
73
189
955
216
555
778
402
841
69
906
173
292
808
570
314
520
825
249
273
395
396
773
30
595
894
850
156
927
969
817
377
396
354
131
243
750
326
915
30
484
60
397
806
685
310
402
262
432
336
733
22
199
241
912
541
928
177
65
412
653
714
351
992
704
946
741
11
266
570
134
764
316
195
997
184
489
304
105
275
10
705
279
655
924
779
821
623
110
403
144
873
688
691
282
154
193
823
271
756
332
581
816
546
704
861
424
150
284
146
232
625
213
546
442
148
471
298
941
635
304
464
681
282
213
251
765
450
495
323
137
810
277
342
523
677
109
513
287
86
896
383
215
201
918
534
370
679
82
594
944
960
204
305
57
161
800
237
159
973
893
748
996
707
943
901
453
360
981
406
133
637
86
384
15
642
499
56
732
298
711
648
15
247
142
650
671
260
250
457
164
613
261
421
446
593
240
168
399
377
453
928
116
227
271
561
128
737
717
464
589
332
567
700
959
948
907
469
959
489
673
802
717
761
723
680
923
497
69
985
941
376
138
163
635
274
697
637
525
514
355
926
43
303
704
433
711
110
549
5
780
93
488
773
281
524
23
624
579
790
351
162
398
747
796
543
685
995
188
168
168
49
515
885
840
635
724
158
75
458
28
179
841
847
142
460
403
230
65
703
793
389
848
531
570
54
782
235
238
779
112
456
221
300
553
970
431
501
359
566
726
859
395
665
987
444
268
488
573
186
658
971
61
254
303
430
866
91
458
475
940
539
960
229
322
562
989
250
618
837
411
473
832
813
782
81
805
733
794
681
490
910
839
107
774
342
251
38
809
416
418
236
175
353
195
974
672
794
368
112
647
447
825
678
909
518
229
605
56
419
50
794
793
518
664
325
342
235
15
89
836
158
342
220
531
175
101
116
869
659
403
830
329
544
703
459
994
612
797
882
767
293
233
58
694
649
935
184
56
563
105
225
792
496
701
940
145
25
528
258
322
332
905
282
360
745
157
620
603
492
432
240
729
657
474
707
554
657
763
986
680
554
776
124
89
457
902
174
787
724
380
417
380
841
936
561
493
346
4
940
417
42
208
86
46
197
350
953
975
70
621
731
191
19
676
516
64
142
991
524
94
50
381
894
41
485
79
898
640
829
308
705
240
411
78
9
973
933
179
74
357
872
912
201
607
586
729
885
88
324
117
810
334
231
650
618
71
809
716
677
903
165
106
276
840
628
602
649
889
974
345
257
573
591
891
975
623
241
510
159
730
835
540
696
829
363
573
743
17
955
460
376
436
241
173
535
287
350
843
151
105
223
122
771
919
149
597
104
804
499
798
469
457
260
560
178
199
253
158
887
760
700
935
995
440
939
445
762
719
648
471
560
637
93
726
309
468
907
634
765
501
96
68
649
853
433
705
670
359
165
275
676
408
913
295
913
237
326
478
279
690
551
612
589
586
182
255
325
711
785
531
759
181
833
995
126
40
718
15
203
200
533
239
922
388
325
686
556
914
4
711
460
272
636
17
925
58
578
558
494
222
873
641
165
18
931
250
182
332
691
421
474
806
734
26
767
259
405
305
331
141
29
993
857
660
748
879
704
191
650
564
391
403
259
785
915
494
988
658
299
607
85
126
495
240
213
274
173
990
424
346
367
50
371
278
332
973
739
662
51
132
291
140
640
214
920
569
378
979
679
432
512
390
975
489
266
652
687
880
951
11
824
950
331
909
285
704
156
968
372
236
780
672
137
920
440
965
590
817
77
59
84
28
646
502
141
829
42
949
316
443
841
984
838
904
384
519
87
662
607
583
913
618
629
420
351
26
222
517
109
405
598
64
396
238
917
149
421
501
991
909
998
557
939
205
603
168
661
284
475
508
813
843
445
284
579
947
988
128
221
729
101
163
213
733
8
897
92
112
520
833
425
748
6
911
807
432
433
795
661
203
749
102
787
998
743
19
511
795
803
105
36
320
676
515
868
819
171
201
979
325
548
282
497
215
477
949
565
454
620
37
842
752
784
254
214
679
691
998
122
239
234
34
386
904
685
774
240
332
142
448
46
221
332
400
573
87
425
534
217
596
522
569
843
679
381
539
443
559
532
1000
756
483
722
966
317
250
852
672
847
848
672
383
791
397
771
658
667
769
786
487
872
115
232
446
713
765
749
732
237
602
879
636
270
765
538
507
787
147
702
403
362
81
768
420
197
344
319
194
748
347
940
720
270
716
786
109
29
344
985
925
85
802
509
508
706
476
434
396
215
565
583
485
650
94
546
63
317
219
619
877
6
554
359
986
247
657
424
770
598
93
290
391
810
129
273
745
105
83
462
359
252
943
940
476
468
987
979
443
801
941
323
399
114
541
63
618
43
932
608
381
223
640
557
425
574
251
99
829
173
591
88
869
306
654
502
16
962
146
114
267
94
481
287
345
321
988
479
761
810
105
461
762
581
886
776
441
577
525
879
265
471
437
443
776
726
152
586
850
36
891
132
683
956
236
839
297
344
642
234
116
307
364
166
713
895
646
865
742
949
224
369
550
2
151
380
811
273
701
309
855
85
895
23
937
799
946
610
909
12
844
976
97
772
805
252
681
983
184
621
146
710
613
38
94
912
864
203
700
254
529
974
910
813
464
331
301
810
568
717
758
871
339
756
126
842
458
956
62
151
112
677
876
15
117
272
973
383
555
25
272
319
151
183
627
677
211
403
7
491
994
173
597
453
868
369
801
464
914
431
15
563
566
389
70
374
623
507
280
452
998
641
360
557
807
5
116
224
959
129
482
234
160
477
867
659
912
974
124
141
564
68
76
455
824
833
582
665
349
733
943
124
902
684
812
372
562
132
28
977
718
245
659
535
824
422
848
716
436
146
294
622
855
380
271
878
549
702
354
105
64
950
801
918
98
464
885
712
662
207
17
977
194
19
415
76
192
418
28
709
826
96
631
740
511
416
160
8
984
451
775
707
18
548
948
412
523
215
884
334
152
273
119
432
115
4
747
423
683
357
774
853
283
808
299
629
294
80
518
376
467
968
340
874
399
23
9
318
466
928
903
287
406
473
186
549
414
193
187
168
528
455
40
737
405
373
519
932
928
78
899
938
400
771
32
768
114
890
146
950
387
721
263
935
813
600
897
847
729
968
345
415
815
764
604
332
307
456
713
262
208
329
252
269
520
879
402
75
860
465
264
303
334
907
666
23
626
490
360
240
577
981
308
988
339
990
314
395
409
147
253
540
467
861
896
237
881
356
49
864
501
118
879
735
90
648
169
100
405
236
999
831
31
376
581
359
110
458
937
927
598
228
243
949
890
278
503
847
624
681
885
360
65
885
966
288
653
392
446
236
687
688
90
893
847
778
924
322
411
490
59
998
18
629
551
683
477
668
815
115
768
118
361
302
306
124
982
518
141
362
464
881
628
154
192
468
61
36
774
431
546
165
986
744
954
990
42
685
943
706
511
959
573
415
761
94
282
613
752
832
908
887
1
19
853
234
307
627
447
904
624
951
848
427
744
10
869
207
957
255
172
486
583
206
466
395
408
534
83
218
150
569
727
840
34
924
907
999
839
796
837
756
987
879
859
701
786
664
801
344
705
159
429
790
177
893
153
90
20
712
648
838
755
554
853
122
247
16
555
723
70
574
323
250
697
625
994
244
820
801
259
368
921
968
663
721
507
462
45
10
884
586
864
164
625
947
150
15
224
833
117
316
356
396
307
138
637
220
851
759
25
358
151
460
94
775
392
41
426
64
453
799
152
223
141
903
879
650
720
930
423
295
616
111
32
628
577
710
130
720
458
815
657
559
15
992
809
4
834
683
157
298
905
618
830
284
921
95
109
613
282
974
341
824
585
618
832
202
59
210
326
374
299
523
709
863
745
945
449
301
853
763
479
117
857
162
417
237
804
77
538
958
748
456
985
473
737
369
784
467
500
628
428
982
569
215
321
314
291
443
198
815
446
90
156
57
387
796
835
987
143
641
281
873
399
927
609
811
314
486
541
334
706
992
596
732
38
820
692
421
76
493
378
635
418
348
839
29
369
272
106
487
830
704
76
932
54
993
149
605
366
909
843
591
978
912
603
164
684
55
965
886
965
5
482
674
573
437
896
75
930
434
929
61
166
763
871
972
751
355
359
549
221
679
143
584
963
25
87
719
487
429
395
581
489
569
890
418
345
459
634
653
173
793
647
568
73
942
222
70
707
519
190
116
589
653
240
22
987
714
919
781
532
359
327
297
90
141
860
558
266
397
612
833
778
253
524
818
178
958
15
224
190
347
477
681
833
811
831
731
206
245
471
811
288
92
454
66
446
124
5
182
20
931
45
735
407
462
88
803
301
19
871
752
189
753
702
782
339
732
838
510
297
241
448
85
192
878
525
813
292
95
453
923
726
85
370
823
247
355
807
587
581
13
291
474
875
755
780
159
573
165
324
881
548
210
681
981
637
172
256
293
634
140
434
93
177
651
659
982
265
549
435
578
299
143
951
439
235
885
685
146
863
947
356
920
614
584
773
204
301
260
687
40
833
923
870
502
750
758
544
775
548
368
422
818
821
955
458
852
985
510
75
156
298
239
646
910
787
123
98
454
640
829
254
603
426
320
942
25
501
419
973
241
1000
455
411
574
879
130
219
97
916
102
348
391
918
894
103
308
644
570
406
707
781
985
346
838
937
191
172
402
274
157
147
462
916
88
102
17
423
935
445
391
893
585
489
849
553
828
250
708
296
707
394
141
341
242
928
388
969
459
451
707
395
165
753
801
553
531
727
999
899
371
800
782
964
876
194
750
597
113
341
936
817
262
289
745
338
346
540
623
970
494
230
773
829
601
663
222
477
138
192
246
441
944
42
163
589
46
597
948
978
222
611
28
199
332
556
572
653
162
815
588
483
370
69
980
380
897
364
711
709
177
598
694
609
404
940
743
515
806
250
299
390
149
139
121
510
463
222
565
712
612
200
749
514
238
925
715
700
943
701
286
925
127
473
381
224
898
457
958
669
200
182
312
429
978
651
633
45
268
943
300
474
354
724
14
519
431
552
448
288
861
367
615
584
476
736
674
509
434
232
898
492
692
623
143
566
315
759
75
310
804
238
301
289
143
346
881
284
815
276
609
986
708
614
210
861
793
296
686
133
285
153
722
532
424
593
393
864
986
498
162
214
264
217
517
242
381
327
266
615
134
227
5
991
885
520
437
592
677
922
145
641
325
811
234
53
450
791
398
493
58
511
321
519
238
211
556
285
57
392
652
623
130
260
49
559
887
307
264
272
483
814
419
227
796
657
909
324
804
887
394
781
100
303
750
366
818
417
885
700
598
287
308
29
252
408
453
343
248
919
371
268
278
691
618
614
599
224
392
673
967
927
30
500
112
130
315
56
835
286
894
714
184
862
659
404
876
407
903
437
944
704
153
312
746
441
701
944
276
524
948
696
949
610
936
541
276
369
785
69
208
404
592
738
695
819
292
387
597
440
992
527
224
788
994
607
411
46
759
631
497
934
543
641
658
541
255
445
782
269
369
398
789
642
386
951
111
744
443
345
777
940
702
820
402
536
58
619
128
147
214
589
159
440
216
374
254
58
34
361
401
524
591
553
913
903
233
976
234
597
990
2
393
161
779
511
95
805
364
551
254
952
941
193
10
778
371
725
312
847
693
301
943
105
629
162
326
659
327
585
599
669
393
530
492
983
572
809
368
437
124
36
28
654
668
485
828
339
45
962
709
624
199
273
633
346
943
150
363
433
487
739
383
973
478
433
483
573
434
175
710
793
636
803
592
28
880
62
787
939
973
793
4
683
824
984
167
840
161
515
441
391
972
336
643
674
137
491
715
561
218
727
187
929
225
545
88
653
940
606
988
98
448
80
791
417
496
574
252
177
173
622
930
424
958
187
366
102
237
859
603
632
553
487
622
17
679
163
357
598
228
948
950
430
377
14
951
37
560
337
483
766
739
300
432
64
382
770
143
829
975
513
78
424
653
956
630
738
38
784
594
626
347
390
182
133
655
152
298
205
819
618
385
855
281
251
920
629
601
706
940
891
964
682
56
598
27
917
714
882
854
657
687
394
787
843
181
79
399
174
684
909
104
715
877
648
948
718
1000
768
135
954
396
229
868
559
203
230
25
333
375
58
90
421
95
877
886
518
978
49
65
15
828
770
388
492
68
107
745
613
698
886
49
513
634
700
460
21
99
249
321
70
139
91
63
610
573
101
592
728
924
947
745
900
138
77
406
420
470
729
738
565
90
9
708
944
74
622
14
917
287
98
552
951
683
722
621
74
971
942
782
116
423
420
377
660
531
338
154
326
851
440
720
164
225
83
321
949
226
8
127
277
790
389
206
818
74
846
499
57
147
560
132
423
80
209
974
986
447
981
610
294
802
320
687
749
795
217
933
806
707
556
792
534
331
882
780
995
56
358
605
193
276
485
322
422
36
28
932
474
817
184
668
271
816
972
282
140
589
976
434
166
578
621
232
630
518
293
681
458
494
251
512
177
290
965
359
216
305
447
286
161
619
670
186
294
941
270
901
615
163
98
88
57
531
198
660
757
410
913
759
223
838
86
471
374
70
956
372
480
564
311
713
532
333
161
515
248
645
172
93
616
482
75
267
207
751
901
350
86
117
311
215
997
885
405
760
688
202
797
672
986
548
50
500
212
281
437
541
540
747
291
927
300
115
576
13
147
353
595
999
28
930
431
307
119
48
653
592
227
108
957
854
584
531
743
751
845
992
91
685
443
809
576
948
547
948
466
485
730
371
480
438
72
377
391
591
398
421
558
58
799
586
715
450
413
423
365
39
979
137
53
161
727
133
813
681
895
9
410
593
517
181
465
590
247
931
777
499
738
343
409
255
628
941
519
979
82
362
530
555
895
883
590
884
946
173
295
684
735
719
661
22
859
976
696
734
638
615
336
708
873
868
486
76
212
877
841
157
594
786
508
2
963
294
482
281
426
427
735
597
851
677
294
259
936
148
407
520
693
198
110
250
831
278
573
538
625
111
755
644
673
506
749
861
351
166
737
860
119
402
299
341
937
674
656
35
180
764
92
641
954
324
903
220
501
256
972
489
729
729
788
243
899
806
490
794
457
553
854
804
901
324
72
889
691
433
958
447
605
166
74
78
855
163
873
932
88
569
315
267
45
305
145
719
714
55
193
207
290
373
519
252
8
116
643
505
530
556
826
269
71
624
369
867
114
932
743
199
22
510
793
374
305
604
373
469
879
157
655
228
833
167
804
575
655
933
937
162
724
737
205
570
544
520
622
778
739
785
597
249
610
514
978
825
67
611
347
821
925
572
949
536
583
398
697
62
181
374
353
526
168
230
42
585
610
796
400
865
846
999
185
681
240
608
193
839
793
376
765
502
279
295
505
342
261
279
975
534
542
776
263
548
402
637
654
730
127
718
716
62
220
775
450
437
295
231
824
473
630
271
308
89
355
706
597
959
505
926
164
222
387
437
962
683
26
223
810
486
66
357
345
430
682
431
684
421
361
210
89
21
255
368
157
257
194
479
964
323
785
253
762
600
381
383
630
77
784
257
494
364
142
674
414
595
783
322
619
349
7
654
479
903
744
860
990
244
985
983
506
561
540
539
323
515
818
777
398
415
346
633
372
825
978
554
146
77
922
94
157
748
292
393
878
116
768
349
809
610
144
446
669
814
795
824
824
139
897
742
913
842
224
859
382
889
792
799
306
303
773
15
898
863
193
377
323
120
10
825
34
312
744
436
668
365
44
88
647
50
294
355
86
470
227
352
645
130
910
39
332
261
949
371
290
165
198
733
675
967
436
231
404
470
867
517
140
690
396
36
835
546
289
962
781
515
176
570
428
848
318
527
993
217
456
931
786
9
1000
414
689
256
224
65
283
626
197
55
947
358
818
963
252
668
83
908
217
737
367
589
703
312
767
443
841
576
226
557
102
733
933
536
485
188
634
423
394
119
432
160
757
989
585
925
942
674
982
388
492
12
274
957
254
324
349
931
783
122
483
549
326
779
471
250
94
25
595
644
867
822
633
992
638
672
527
520
750
161
888
198
565
517
809
555
963
505
917
656
690
306
294
999
988
856
239
399
552
353
747
995
890
112
221
419
396
698
67
143
826
988
208
243
438
768
831
26
706
897
193
874
562
272
334
47
240
687
23
824
149
292
740
864
567
26
896
868
439
168
596
589
557
594
708
131
756
868
575
324
714
67
527
681
817
977
671
961
517
13
648
163
892
193
84
995
843
675
193
890
983
247
806
329
972
867
998
974
510
365
258
846
104
689
673
982
758
317
648
757
757
12
151
889
730
548
893
596
107
291
300
863
662
704
146
837
978
415
294
137
755
672
262
435
55
913
220
431
407
751
996
404
536
18
425
106
385
412
307
489
474
319
585
46
581
174
167
398
779
534
874
833
577
47
218
202
209
775
934
990
500
427
991
296
197
582
708
757
702
795
926
48
708
877
658
974
310
49
100
718
175
142
238
419
67
748
738
46
693
197
979
48
392
314
791
178
535
492
532
234
374
780
711
415
937
415
337
236
270
312
168
728
596
9
602
81
648
910
768
108
503
583
557
203
218
846
117
778
123
851
435
177
924
950
484
697
769
462
333
360
904
961
927
323
158
678
484
538
634
269
328
577
35
496
379
722
579
143
60
88
255
76
672
617
43
151
179
679
248
851
475
696
623
887
55
793
234
413
255
837
530
520
706
672
497
582
452
884
397
508
513
380
14
986
769
982
195
709
414
150
369
442
13
115
489
739
980
1
341
661
764
311
679
411
35
820
657
910
552
397
917
201
696
237
196
801
840
733
478
434
368
920
521
109
977
408
748
118
380
337
740
391
757
980
920
363
765
244
139
325
129
153
467
665
971
826
806
476
199
203
315
775
803
51
646
858
697
741
531
210
60
484
964
725
160
353
600
414
103
694
271
128
324
764
536
773
614
124
180
265
950
970
428
866
705
922
548
867
835
128
272
785
492
475
105
962
367
293
697
574
779
576
510
694
535
711
516
474
252
98
813
436
237
478
12
216
548
555
590
448
994
461
642
406
91
335
344
409
685
558
845
369
925
577
199
266
56
124
79
388
762
653
239
965
5
437
71
79
575
734
80
132
567
966
911
191
275
394
44
407
771
153
771
209
207
420
125
463
778
123
859
427
142
223
105
838
463
813
529
895
968
621
91
295
321
601
751
642
49
816
729
941
230
46
900
587
193
395
700
448
968
883
240
134
314
138
61
915
495
439
667
792
297
59
641
825
697
364
395
338
665
658
301
895
133
492
212
448
641
430
401
266
787
249
442
47
224
659
923
133
897
506
48
882
302
686
957
3
160
548
108
144
251
380
58
62
176
798
472
91
530
816
132
349
34
472
98
291
549
840
970
428
206
673
394
543
420
152
775
78
676
283
376
379
243
176
867
908
719
954
754
531
735
423
927
680
827
777
773
33
647
673
617
425
900
103
344
346
822
335
313
472
507
278
826
222
213
767
706
554
858
868
94
123
944
965
72
7
977
396
415
493
303
445
804
456
509
842
874
720
225
491
858
434
603
229
839
188
833
673
827
553
792
979
192
88
734
636
919
933
828
201
856
446
889
817
652
895
213
588
775
83
720
948
198
900
818
620
322
570
805
413
709
775
213
771
915
388
459
389
93
19
636
477
935
220
60
698
849
461
906
516
78
588
177
274
923
65
625
241
255
233
533
130
645
676
160
976
206
887
440
686
710
760
402
920
491
760
430
767
913
197
489
765
276
730
401
547
246
321
325
757
104
558
937
474
536
17
58
59
427
685
708
808
317
351
213
43
677
237
421
771
760
726
544
85
956
948
509
926
561
237
672
283
955
643
536
326
533
432
164
730
985
355
558
722
271
361
613
68
667
409
120
376
247
378
373
466
187
77
694
396
181
226
724
828
414
670
461
848
973
166
209
65
741
844
672
805
994
755
847
620
838
447
375
208
147
868
928
140
97
324
442
138
594
432
211
183
131
900
838
18
92
771
270
802
48
605
651
594
346
183
249
164
203
845
212
869
817
578
534
810
541
477
226
647
201
251
418
923
655
523
516
53
72
202
543
632
503
220
391
469
975
587
391
652
15
260
440
979
221
559
520
558
215
285
610
805
14
957
809
343
192
691
826
19
500
563
26
946
26
853
615
153
772
796
928
134
310
816
125
767
638
854
707
873
808
893
222
891
624
276
319
330
66
240
11
513
180
375
411
696
853
692
939
633
649
805
359
800
304
523
499
217
347
694
757
813
924
565
847
507
680
310
269
369
565
872
490
198
706
556
13
742
458
434
386
888
704
529
884
758
309
897
324
696
95
594
154
942
431
602
461
198
465
95
850
667
707
772
533
567
737
411
552
739
506
340
74
725
475
562
806
194
449
313
409
952
414
630
28
488
653
314
931
816
459
843
621
235
76
345
378
88
173
500
267
118
851
393
445
839
693
629
667
396
291
814
383
469
661
235
599
325
70
581
331
895
770
787
498
312
72
50
970
958
754
459
560
481
976
376
505
198
260
100
874
206
59
811
577
997
288
674
534
858
628
681
959
270
827
148
110
648
322
972
320
739
378
243
170
928
842
157
949
434
410
292
436
245
284
501
422
205
801
839
367
820
782
274
512
717
826
650
869
621
451
184
249
102
618
106
340
536
793
766
557
776
508
382
704
80
891
213
250
193
41
234
923
29
917
607
712
202
820
713
114
430
510
447
982
121
924
93
635
677
875
650
288
881
77
968
197
19
886
889
452
830
528
275
308
25
974
113
475
271
367
8
564
812
39
7
420
966
263
689
711
169
609
221
743
220
846
441
276
863
593
684
593
638
195
699
864
571
209
424
461
582
997
520
308
293
426
660
711
37
245
443
721
673
99
815
609
583
443
885
306
494
923
385
692
581
41
674
694
276
109
899
338
595
596
779
416
505
849
685
135
134
384
476
852
825
656
375
780
327
129
319
568
236
152
102
597
660
192
728
703
987
1000
570
510
1
150
723
262
877
510
946
140
773
442
700
847
612
537
449
677
815
857
85
986
376
710
454
781
953
332
758
262
850
499
29
372
571
844
777
819
991
568
960
208
144
141
941
660
145
605
883
975
326
259
610
936
753
586
187
979
992
695
499
830
571
205
79
995
575
865
113
307
232
27
813
572
636
562
320
952
579
757
42
611
173
8
745
503
596
912
815
973
42
813
518
448
498
310
846
258
607
714
595
633
285
669
385
248
283
415
202
670
939
142
388
620
158
462
148
655
836
158
218
579
483
542
471
237
70
516
914
940
851
53
923
227
902
35
373
201
961
833
207
737
807
4
25
12
241
913
767
687
472
734
859
778
830
249
759
264
595
696
212
177
866
53
388
860
452
241
448
518
462
13
616
91
928
572
230
868
464
547
216
260
73
934
764
600
859
679
302
421
452
304
520
658
604
77
309
464
651
783
283
761
296
880
350
900
384
38
956
711
618
143
246
61
154
174
622
56
459
305
177
778
912
430
445
262
582
70
772
359
21
944
3
757
49
189
625
813
42
982
111
342
168
260
324
347
955
798
750
496
322
1000
628
122
494
494
807
43
895
900
432
222
926
220
879
53
960
416
131
120
868
570
31
876
174
293
375
818
319
433
608
323
420
794
147
785
438
945
245
847
18
877
98
489
34
959
758
373
76
573
347
748
603
960
552
14
871
822
415
596
798
928
582
107
338
239
598
461
548
746
574
688
473
59
815
939
286
45
422
867
70
640
194
781
502
406
593
917
72
950
264
289
843
611
664
987
113
311
793
237
469
750
688
583
74
874
396
780
104
218
973
891
996
372
515
55
164
878
657
530
12
890
485
148
397
221
242
7
495
375
180
643
133
345
884
224
179
266
233
772
20
529
583
518
513
498
543
642
506
970
928
839
346
90
635
189
687
836
228
967
364
378
342
639
108
442
382
877
933
459
397
869
895
324
904
417
479
479
108
124
613
814
53
968
733
919
4
700
549
287
911
429
474
536
448
113
47
911
181
870
448
793
459
251
158
329
294
646
330
895
500
246
323
1000
226
206
748
440
515
382
981
285
180
780
777
273
33
890
686
944
749
252
955
593
698
18
599
677
433
193
781
943
378
423
517
607
904
1
645
671
905
624
98
340
309
255
626
292
696
491
569
708
231
887
200
479
364
814
642
368
763
71
597
130
512
707
431
574
182
499
444
914
992
673
750
596
148
637
317
269
706
704
674
626
556
7
103
238
125
659
732
77
281
487
446
685
388
360
412
967
62
409
309
215
529
38
296
735
198
481
171
869
971
491
619
255
160
300
375
229
471
966
555
949
738
920
592
401
251
947
815
156
576
156
489
326
48
870
29
148
273
346
571
750
555
817
449
322
358
48
340
789
24
599
735
85
120
473
65
224
241
28
944
976
677
348
807
543
192
857
32
582
57
292
93
715
921
773
914
62
152
158
146
221
547
658
123
191
828
94
766
547
665
198
915
695
53
717
85
234
210
360
650
44
241
761
698
38
156
127
82
25
190
193
922
842
599
527
519
33
887
457
190
710
953
303
324
255
148
514
850
902
246
823
538
404
369
422
953
961
666
603
522
150
233
651
24
717
312
347
171
876
813
781
38
471
463
251
853
780
335
581
836
30
868
782
67
101
771
677
568
418
149
763
95
643
298
385
893
769
881
886
490
151
875
673
623
326
547
85
217
402
20
982
883
547
152
193
473
502
334
415
562
409
908
821
619
534
21
594
100
746
827
162
666
957
116
957
565
657
316
808
710
671
281
807
991
808
940
162
303
831
958
54
781
120
855
95
516
368
782
401
405
568
44
613
24
343
139
381
582
977
762
458
870
473
687
870
124
672
122
714
423
81
951
440
265
363
728
38
127
475
493
615
585
883
923
545
986
864
921
678
700
485
285
519
362
441
558
906
216
282
149
632
952
457
463
696
306
268
846
729
716
315
635
449
878
16
634
959
869
276
688
97
364
213
688
531
855
624
971
228
414
303
545
314
925
23
952
205
307
631
599
235
280
946
553
966
671
808
648
984
805
710
579
580
420
134
64
850
976
253
335
214
819
44
443
54
206
118
499
133
124
74
255
702
725
475
905
652
1
742
606
382
278
313
489
456
625
320
546
859
729
793
878
107
216
585
939
530
2
931
325
44
660
754
847
374
422
903
65
950
18
772
899
422
508
342
287
600
30
592
348
500
53
57
828
731
24
714
456
150
265
392
635
638
316
775
896
627
929
657
600
84
587
206
370
874
684
619
938
788
892
57
400
497
926
376
76
321
967
888
451
401
707
634
215
139
914
535
70
709
821
731
817
626
186
266
181
845
688
501
452
480
200
703
39
737
909
913
297
713
840
962
628
348
795
252
698
189
84
733
314
794
37
772
497
73
755
774
441
886
202
8
826
739
330
557
626
649
152
767
943
296
914
471
921
510
791
822
540
147
387
821
418
101
615
469
536
676
925
145
261
385
898
72
822
570
876
462
649
928
466
652
307
694
408
742
303
857
599
305
743
575
284
967
660
8
164
770
721
747
917
733
510
966
311
48
724
560
673
112
14
422
892
787
940
776
242
211
339
705
557
204
775
774
139
768
371
724
597
869
276
66
958
940
400
460
363
354
881
605
699
870
272
960
791
749
301
277
325
944
869
741
754
58
802
477
673
198
750
322
396
645
112
691
88
551
128
246
973
323
519
759
19
77
508
817
341
277
552
142
432
175
686
201
885
631
166
469
322
128
746
163
89
36
870
100
172
45
911
19
909
221
474
969
783
322
983
650
895
988
196
922
524
702
432
25
749
113
551
670
555
741
994
227
899
423
338
428
558
220
982
285
370
888
826
321
819
395
282
758
257
79
654
624
802
23
905
603
45
68
487
216
275
951
815
275
584
294
397
953
161
333
593
856
47
711
718
325
253
436
942
105
869
966
607
373
616
45
808
612
978
375
899
27
57
487
264
643
734
146
697
737
134
304
14
440
393
24
39
594
601
108
578
673
511
575
607
296
485
139
568
990
516
450
755
857
248
401
504
510
535
662
600
867
869
718
19
121
371
413
618
511
587
412
655
106
520
423
947
843
866
817
117
224
632
284
280
330
997
32
332
896
872
987
224
180
732
638
91
489
6
692
830
392
655
401
997
422
41
290
876
312
967
22
204
669
818
259
376
830
781
286
192
635
750
290
343
749
544
811
643
73
801
920
649
476
598
978
986
496
317
736
317
973
440
712
309
821
187
920
357
198
507
787
543
700
620
228
18
439
107
801
342
428
698
977
541
477
317
526
506
341
478
122
92
663
559
578
180
965
256
819
234
258
788
812
920
946
534
604
463
164
485
713
247
508
518
834
999
30
771
813
413
677
246
18
914
208
166
65
597
60
492
387
222
377
443
975
159
630
876
943
805
287
906
823
196
70
2
130
326
345
436
1000
547
328
426
299
227
167
994
554
36
607
598
242
881
734
977
107
306
477
573
878
422
811
785
564
643
940
729
80
761
7
801
372
334
127
546
867
622
919
104
447
772
721
826
546
206
293
819
328
203
959
20
551
450
385
691
786
949
724
446
687
649
759
319
501
9
270
820
763
510
274
735
540
711
289
807
450
207
115
840
882
879
688
66
909
975
372
198
361
271
248
492
242
447
992
321
171
104
313
572
931
420
791
860
425
749
655
875
235
366
871
271
28
541
227
18
246
761
537
215
3
603
836
374
726
166
825
53
17
892
783
349
597
878
775
575
348
479
214
537
481
221
998
930
282
149
507
807
145
880
581
944
461
665
637
156
712
928
658
912
68
660
432
872
117
466
133
739
418
941
141
516
380
790
766
762
995
6
339
836
322
492
573
155
119
50
90
640
283
720
916
283
291
734
621
545
966
750
947
101
114
334
145
686
741
21
434
181
224
349
877
963
498
624
278
826
117
673
189
868
499
411
247
464
100
145
910
394
49
773
406
485
765
585
348
203
302
87
291
77
996
631
634
102
167
976
174
200
871
997
273
995
803
484
734
247
148
24
63
894
442
707
926
470
33
918
399
597
586
809
567
72
780
142
382
397
670
427
97
26
674
931
63
346
203
893
821
227
755
561
297
264
284
725
177
368
924
290
220
56
436
420
128
429
977
678
266
669
537
208
769
819
749
855
351
272
96
409
325
685
348
975
410
725
139
620
654
410
773
757
210
729
510
570
223
851
443
110
154
417
246
195
127
162
506
159
824
109
601
961
551
289
153
580
736
966
312
680
185
24
308
648
427
239
816
86
377
650
169
482
453
115
430
678
438
452
275
664
834
237
230
16
923
445
112
331
480
958
809
17
680
480
395
903
189
351
843
407
237
96
952
240
461
115
812
523
449
220
593
352
451
266
541
490
904
171
428
953
684
452
119
5
786
698
330
77
708
887
405
513
623
963
595
550
728
288
325
471
908
498
481
618
506
229
600
395
710
721
14
132
237
656
774
365
579
674
471
246
911
876
2
40
375
369
185
224
805
336
626
289
215
848
404
479
338
68
573
913
870
148
70
825
404
456
304
740
837
168
940
212
593
369
588
897
202
533
337
271
981
389
856
312
303
951
713
855
556
550
234
28
61
861
644
897
576
730
18
240
129
914
578
59
784
103
299
150
733
378
209
897
494
598
762
950
438
733
946
349
939
511
230
968
347
405
797
939
534
474
928
207
253
535
905
114
573
838
340
795
910
105
555
382
352
518
701
279
531
705
872
24
813
816
395
751
658
307
477
568
715
778
415
610
248
599
597
860
642
596
989
561
605
659
810
572
212
908
759
400
896
384
766
356
775
780
907
449
856
808
841
97
988
106
258
600
549
167
643
927
481
41
732
905
582
225
799
857
581
555
74
694
805
453
302
91
385
901
5
671
885
127
590
200
322
19
136
877
295
472
321
153
321
432
369
201
452
386
220
231
36
627
625
127
61
326
728
555
380
986
529
559
614
788
800
649
84
638
589
653
486
529
840
953
222
904
736
540
797
384
165
957
965
461
234
963
884
105
962
57
244
430
119
888
765
207
667
912
421
581
749
411
228
845
446
315
655
612
813
279
585
322
2
115
609
753
101
708
121
146
584
476
564
588
467
555
948
417
898
342
415
750
606
929
934
342
265
588
410
251
592
381
299
52
63
598
831
915
532
214
486
999
339
502
561
165
269
987
244
533
724
494
413
817
379
464
342
95
466
178
215
908
322
107
861
399
146
857
303
328
315
637
778
735
766
536
738
427
321
816
351
783
462
771
556
737
386
841
547
503
783
126
547
687
119
784
451
613
68
126
964
684
879
497
287
237
315
97
736
354
328
891
923
363
70
940
158
91
845
154
73
578
556
377
858
813
865
670
644
813
418
401
946
896
43
523
565
388
118
852
790
66
630
559
860
207
643
221
59
674
608
382
100
369
999
553
390
396
171
5
556
783
846
359
557
222
193
738
756
1000
761
795
418
478
881
330
167
83
527
824
94
5
238
953
18
177
436
78
131
687
367
365
197
332
96
666
82
346
986
426
699
346
87
719
44
824
495
603
163
318
111
851
968
177
961
577
656
465
325
416
473
17
188
19
905
132
190
952
851
987
160
909
907
653
373
45
965
166
616
942
733
787
326
109
676
627
746
109
88
573
266
111
37
224
88
998
591
487
386
121
525
831
439
885
568
346
325
677
576
391
698
683
799
901
302
889
156
524
57
234
412
988
746
212
628
941
610
342
237
949
470
685
78
243
72
727
999
392
283
835
767
813
246
601
171
110
50
822
353
322
616
149
554
819
317
772
296
725
973
52
891
971
592
170
210
116
174
858
664
162
969
323
339
773
879
149
598
910
205
679
164
112
16
32
592
437
323
905
518
883
63
155
110
781
716
807
330
561
225
928
676
959
188
868
175
745
970
793
237
225
486
920
555
786
209
897
338
969
198
417
87
467
576
69
615
531
164
239
276
775
650
157
306
298
727
739
188
313
422
298
223
479
712
878
719
472
788
571
174
748
899
399
597
148
416
381
350
889
947
960
173
247
920
420
400
286
190
776
203
321
233
909
39
345
917
457
496
407
526
870
960
61
726
904
465
764
628
519
664
321
220
352
975
448
71
730
82
341
731
452
451
397
363
457
57
29
770
712
781
270
408
598
609
597
797
284
462
31
483
53
181
484
371
39
747
901
909
175
279
168
729
329
708
173
843
764
658
897
987
937
669
542
752
306
742
265
143
911
662
406
846
481
575
950
829
751
741
77
205
722
793
541
26
455
303
340
601
599
760
587
37
797
90
969
297
302
367
99
591
903
369
547
791
73
665
332
843
621
84
706
125
97
449
194
788
171
892
796
784
695
877
299
92
272
542
69
549
261
358
970
276
232
9
354
396
130
719
1000
91
615
984
333
473
43
729
447
379
806
845
420
655
225
827
139
180
415
122
148
324
556
407
334
123
566
705
848
768
912
389
878
218
97
203
275
507
650
979
840
871
211
23
775
563
157
90
268
229
859
364
209
38
455
151
98
429
23
740
648
834
513
519
345
356
925
84
212
136
659
81
87
722
2
605
690
491
156
185
753
994
504
247
883
70
572
806
303
344
459
856
478
635
437
152
436
760
394
321
476
60
252
860
682
11
617
545
224
304
313
348
8
731
644
349
695
305
326
495
236
949
704
612
962
900
956
76
326
363
698
238
138
647
33
781
769
385
55
236
242
377
853
918
425
768
586
28
735
266
573
10
10
716
381
319
659
336
23
216
225
603
504
201
776
615
420
277
640
265
906
445
308
106
305
359
157
723
787
39
865
907
39
918
561
449
466
314
125
696
882
820
990
791
883
973
468
155
702
149
267
600
691
655
571
541
527
292
376
635
846
843
286
539
620
754
882
76
399
722
496
607
107
771
232
922
829
550
51
85
776
854
945
910
61
828
923
361
99
798
67
143
878
588
140
659
502
916
355
956
47
517
703
267
894
882
357
209
227
252
794
724
914
521
543
17
694
374
119
279
702
430
620
117
447
846
726
914
810
643
648
73
92
628
916
248
170
15
99
49
466
194
648
373
889
69
857
25
73
145
568
561
386
642
505
9
937
704
47
393
154
563
109
853
657
839
634
1
880
801
133
835
131
831
727
616
406
56
111
231
217
408
483
489
776
240
864
287
415
295
159
512
152
402
132
529
256
421
311
152
920
312
754
255
843
452
456
283
421
939
58
119
93
386
411
871
230
314
419
821
399
473
998
757
677
646
568
137
394
802
260
844
834
295
832
462
687
976
199
160
188
140
823
168
107
622
83
456
259
570
524
960
241
325
937
76
817
22
784
766
754
221
390
19
315
767
774
220
156
155
247
119
611
963
275
563
783
800
340
627
921
277
812
826
487
122
999
499
859
331
429
13
957
787
286
367
171
698
893
318
997
395
950
859
309
374
375
619
737
738
642
559
823
645
21
844
72
839
909
63
889
620
495
896
255
103
215
804
936
830
691
410
995
95
350
984
997
407
669
22
484
244
786
560
344
995
357
411
335
577
446
425
693
608
655
678
299
961
471
380
469
650
891
327
254
694
124
175
243
632
730
498
968
263
998
310
467
478
551
567
159
751
37
915
426
279
435
256
413
528
276
858
765
167
419
421
491
275
26
222
351
574
502
840
874
984
494
118
90
74
568
294
301
125
511
197
116
461
545
631
826
695
802
762
995
46
663
800
320
267
476
677
871
811
165
326
502
58
746
210
989
70
172
664
847
159
864
754
911
699
729
409
559
898
124
647
902
204
243
351
970
955
16
20
523
158
263
88
598
342
684
151
633
365
467
903
271
317
456
323
187
219
430
494
891
824
688
319
779
700
374
98
449
632
217
814
194
217
803
879
907
337
877
587
406
653
869
891
326
254
422
531
538
162
811
313
945
476
499
576
162
405
254
733
122
930
883
585
507
424
968
296
751
258
894
27
858
922
811
18
199
115
541
288
413
635
289
556
974
492
667
614
17
295
616
142
770
308
976
561
472
792
196
839
63
343
175
844
628
51
783
85
712
943
465
852
491
267
944
446
16
952
217
109
89
90
641
187
99
962
360
601
262
546
97
134
553
612
899
744
768
140
971
122
857
700
378
592
348
977
451
627
149
697
161
918
990
862
327
885
842
385
686
558
911
371
43
418
805
875
340
618
877
796
370
528
359
735
394
238
594
665
317
493
145
36
386
586
427
225
122
328
724
21
727
939
624
460
741
871
696
29
396
191
131
422
177
608
59
391
88
786
352
750
844
48
927
260
738
186
956
395
442
94
959
652
882
110
405
42
363
75
166
197
811
438
72
636
6
928
647
187
436
346
758
924
642
943
382
912
160
665
68
657
213
583
874
498
196
540
624
279
387
246
71
481
1
757
840
125
180
895
100
368
841
982
966
912
864
787
654
825
245
744
329
865
963
721
222
237
400
290
827
454
763
824
313
300
482
350
167
900
401
594
909
201
181
164
898
596
806
29
238
452
929
29
977
17
298
860
