903
841
923
468
651
724
796
882
568
978
152
907
895
606
780
99
769
697
969
127
406
455
900
394
21
414
312
364
730
372
757
780
526
885
199
150
622
941
555
534
566
533
271
958
792
710
594
472
685
225
319
733
370
279
794
376
696
921
989
10
223
821
88
175
5
905
771
907
60
336
433
341
342
196
638
1
933
865
975
918
111
605
845
377
488
82
599
177
81
284
224
741
477
201
750
142
301
369
912
165
432
157
950
196
662
840
110
778
902
487
525
533
226
245
77
383
433
378
804
490
585
169
44
731
701
968
683
450
692
677
824
49
523
957
664
510
187
264
376
97
627
135
483
649
945
430
772
549
262
523
63
880
232
307
779
818
793
174
348
394
372
278
193
425
429
16
885
284
898
93
978
294
322
917
259
557
785
279
820
390
749
221
663
771
32
410
99
102
581
573
108
816
717
673
913
406
46
595
230
439
35
128
96
368
911
378
554
4
591
939
76
295
581
473
692
672
2
713
861
940
937
969
766
891
719
431
187
540
168
1000
170
940
582
592
173
869
262
400
975
432
100
306
722
275
729
630
526
986
610
454
471
752
618
66
986
673
265
797
28
839
814
956
981
8
818
637
601
77
542
468
165
740
833
4
549
131
280
958
977
647
263
890
15
169
245
418
267
967
207
123
828
524
637
771
124
102
411
10
837
897
117
473
322
627
683
907
216
950
948
975
293
871
102
897
99
296
167
866
415
727
392
634
825
975
131
912
955
403
578
13
885
776
322
265
47
575
907
865
761
901
249
367
157
114
810
697
157
652
469
719
929
594
455
788
706
104
322
16
503
604
343
720
980
135
834
8
955
822
288
211
699
46
728
865
439
849
916
829
78
506
387
931
921
315
155
582
268
252
52
174
809
658
890
955
445
681
181
930
750
611
520
139
211
21
433
824
93
936
534
777
744
952
406
686
445
645
105
289
117
234
660
109
492
939
822
77
436
630
514
709
763
885
483
597
28
874
967
809
333
472
229
724
893
917
781
494
307
643
931
520
764
407
447
673
20
481
44
181
454
850
205
443
317
541
154
176
173
523
72
655
264
325
705
91
104
822
472
134
227
529
202
265
242
221
792
755
876
936
387
865
896
970
27
736
670
564
729
612
635
480
387
652
74
582
340
841
186
370
384
973
653
503
389
664
890
408
480
446
88
704
300
658
986
1
209
258
191
139
81
910
936
418
347
725
786
330
284
90
63
660
199
402
215
20
402
806
644
475
770
734
345
203
70
249
829
958
15
930
17
733
822
434
928
336
327
103
346
949
380
170
175
794
605
942
826
164
393
23
464
627
435
809
301
830
49
628
602
930
802
777
275
956
493
110
781
642
340
74
861
347
678
343
97
823
763
463
922
403
376
61
831
846
915
705
897
32
336
881
115
721
989
149
669
738
254
397
761
275
429
923
445
377
369
946
373
911
56
837
284
509
830
324
188
431
812
915
520
620
215
338
970
666
904
453
601
920
794
24
446
523
433
926
671
335
639
595
880
133
810
291
440
445
271
556
729
602
719
258
508
957
427
216
591
812
511
918
647
392
847
411
788
776
891
734
736
238
714
636
60
987
970
270
275
579
718
399
610
349
228
306
499
177
298
320
820
571
883
511
236
969
515
765
883
549
317
349
893
963
904
315
888
815
44
604
731
838
357
386
494
99
110
617
474
515
545
231
770
832
93
677
577
141
883
20
600
822
630
552
428
119
911
826
728
577
161
705
321
100
70
633
520
940
621
589
758
368
263
11
507
141
360
497
849
63
911
241
391
415
644
517
614
540
769
826
225
466
54
368
484
378
171
695
418
736
112
740
747
548
608
610
970
993
192
411
720
356
539
66
701
738
451
503
514
248
805
465
647
257
254
583
684
407
206
611
597
123
647
868
916
435
217
623
514
164
468
313
785
475
33
692
273
244
976
620
882
810
423
532
577
785
592
571
235
191
821
318
962
103
633
735
319
414
513
27
211
441
476
249
343
117
838
84
404
433
992
808
138
388
350
488
301
489
666
143
310
97
684
586
697
530
648
425
165
306
364
340
115
808
421
538
343
828
98
677
938
891
141
248
739
225
470
787
137
810
475
109
716
782
483
466
440
523
276
162
669
750
263
910
201
93
552
717
578
668
759
603
591
165
16
308
348
760
319
207
48
228
668
288
96
575
566
691
461
905
700
616
99
257
155
157
987
721
769
922
755
986
25
470
62
181
87
995
773
578
1000
247
987
377
371
805
301
952
814
345
430
374
61
686
65
672
760
323
512
601
100
636
835
432
547
148
510
541
685
614
686
891
391
490
84
835
947
306
6
111
131
744
712
82
422
995
656
457
41
533
943
784
332
345
967
666
988
846
901
251
22
332
458
696
897
420
291
319
963
172
392
273
247
173
184
270
878
519
799
851
146
459
622
760
94
163
279
826
273
207
4
392
701
196
987
643
3
475
969
301
836
805
877
980
165
902
56
50
558
778
98
355
720
327
904
398
577
966
199
146
15
109
283
131
844
85
807
244
393
337
148
343
8
537
661
696
197
259
706
431
784
794
684
983
284
458
538
132
271
336
125
618
781
996
777
464
988
127
4
221
423
50
135
105
495
831
163
740
541
535
854
784
434
51
730
748
699
116
743
109
702
849
477
258
447
329
229
733
338
230
767
623
994
248
432
151
282
731
360
558
248
295
674
148
312
200
914
298
774
721
3
595
108
237
614
408
556
145
394
344
590
336
972
63
183
798
347
780
159
869
252
909
706
720
957
130
798
404
861
12
806
386
651
572
928
999
900
641
910
735
145
909
313
372
226
560
727
904
854
23
830
566
325
320
448
253
240
65
875
23
921
576
776
859
413
926
482
824
354
533
592
779
400
115
687
185
695
342
361
596
128
83
52
597
74
985
184
577
293
985
170
901
618
136
713
25
355
861
78
316
89
249
426
955
539
414
348
147
14
123
211
822
104
807
418
231
942
217
247
915
306
31
553
59
469
836
995
758
981
239
688
994
735
738
363
782
354
592
940
509
36
221
67
474
972
60
285
599
822
652
892
483
407
656
796
838
781
596
924
528
780
740
391
832
373
411
697
229
961
628
134
901
34
816
380
180
806
96
56
804
924
597
77
124
162
87
205
741
856
701
562
935
542
134
615
995
617
896
720
69
847
313
287
431
467
949
251
103
121
671
33
920
314
241
909
875
794
612
532
908
580
713
841
846
983
573
850
425
112
921
642
800
611
227
73
706
697
861
51
572
255
333
528
670
446
788
770
152
834
642
256
184
732
133
902
964
813
859
312
752
432
960
401
951
42
354
173
546
471
161
450
414
95
178
855
169
347
961
162
352
214
108
296
860
221
113
421
381
51
592
568
25
311
809
106
243
442
461
159
231
995
34
115
552
257
863
911
832
574
703
682
972
955
772
138
692
369
854
544
785
96
55
634
271
707
632
468
212
310
821
464
285
158
661
429
338
180
602
583
914
93
461
459
850
129
879
622
270
368
169
305
327
195
315
531
260
649
143
522
322
3
68
328
383
384
448
204
653
93
803
509
324
402
831
739
448
321
314
531
651
499
83
733
844
522
777
64
218
753
384
866
818
839
658
665
150
861
261
644
93
960
202
539
688
736
925
142
554
484
486
234
18
832
804
227
990
655
704
563
560
954
911
257
237
482
814
426
356
526
32
169
102
399
999
308
362
110
191
102
892
272
65
818
845
114
679
928
607
487
514
986
461
5
848
550
244
584
686
993
358
372
795
391
39
600
907
166
911
525
551
34
637
112
438
593
308
413
498
179
233
702
240
540
700
665
787
690
899
928
323
840
980
555
857
411
944
957
71
111
273
283
130
923
419
126
553
999
745
547
474
597
488
137
27
340
195
956
183
713
68
325
467
932
788
30
162
444
797
546
493
358
782
428
396
111
240
944
371
929
124
823
838
815
873
494
135
924
908
798
498
963
93
79
264
12
520
955
107
558
612
742
806
267
10
917
912
94
84
332
904
205
394
664
906
501
863
608
373
348
733
335
575
272
281
85
853
70
753
679
927
855
47
184
479
759
376
897
860
80
184
574
735
650
553
109
901
425
179
118
833
186
12
349
267
684
284
304
748
262
557
313
690
430
553
187
78
947
16
284
205
608
805
823
942
809
85
19
435
121
282
790
210
775
647
911
214
690
408
634
354
71
743
418
480
778
868
209
894
182
310
553
36
899
54
144
419
695
783
571
527
452
737
715
81
168
38
87
909
720
553
148
70
327
30
952
305
629
307
425
468
924
355
420
5
617
695
561
683
448
878
793
873
103
195
612
343
707
563
791
138
21
506
340
474
292
374
67
324
303
278
840
45
585
844
451
772
727
114
424
235
586
327
367
903
561
631
805
741
422
734
30
751
371
294
921
534
214
553
733
529
655
266
995
898
274
795
801
935
886
585
413
288
91
413
658
522
4
689
664
370
588
400
710
539
988
521
157
419
91
203
221
337
788
299
91
474
435
63
831
577
3
585
928
903
84
267
326
919
258
654
772
13
966
237
785
518
964
994
228
197
790
908
394
370
330
426
343
367
217
181
529
505
456
576
379
335
766
463
701
454
175
862
953
45
75
921
486
757
582
873
978
686
416
301
887
588
396
298
801
17
882
114
960
185
99
396
913
886
226
651
858
585
866
388
707
563
863
768
122
242
806
519
43
743
162
23
103
483
629
157
144
847
856
920
201
783
663
814
354
81
968
407
522
327
455
494
301
971
237
526
337
108
388
845
254
406
70
957
332
528
304
860
612
439
241
158
808
12
740
311
782
88
83
254
332
862
657
975
686
148
264
791
296
800
965
237
912
282
902
649
337
801
922
305
1
339
565
900
215
206
305
466
625
295
879
3
229
159
124
618
399
824
833
780
709
740
303
348
170
292
343
889
15
757
1000
330
291
607
431
633
420
480
433
566
617
747
252
415
695
902
463
47
847
388
49
799
640
610
502
499
987
236
137
85
519
124
72
515
627
154
833
343
670
693
486
451
227
519
914
691
866
367
34
477
943
166
33
119
175
275
833
160
174
656
177
366
611
827
703
753
694
772
906
243
835
244
822
825
222
981
893
631
823
99
255
559
12
468
310
27
225
207
944
552
870
273
658
393
428
667
851
524
713
303
684
446
797
916
87
28
266
443
240
465
567
36
671
492
975
160
744
954
884
202
789
891
343
441
48
780
23
92
156
964
441
517
469
320
915
927
28
876
891
113
53
21
48
596
545
64
529
512
892
111
672
993
997
556
815
275
457
791
878
603
805
938
959
486
974
737
621
848
919
309
873
818
781
579
360
564
857
449
666
982
408
110
671
376
960
980
100
576
81
269
500
567
308
341
17
988
2
984
226
363
522
342
588
617
35
997
695
300
45
274
288
871
353
337
849
617
834
408
927
117
626
206
776
466
582
185
732
140
271
768
316
568
101
300
323
904
660
344
207
593
162
600
906
327
124
937
949
326
242
862
956
7
689
819
651
63
737
871
195
792
497
712
958
810
441
119
656
264
231
912
785
366
16
229
398
243
466
965
487
670
14
716
742
292
692
279
215
799
233
389
35
1000
670
148
378
254
37
364
76
160
668
435
641
154
758
236
408
311
852
903
227
701
981
739
29
956
520
203
324
414
609
369
890
645
264
594
639
647
59
798
557
916
341
115
875
924
483
836
661
972
806
157
653
937
972
285
177
643
332
284
201
420
918
865
786
811
559
66
100
237
485
52
151
960
162
161
900
401
809
655
358
578
190
188
522
818
195
204
35
461
727
122
683
320
779
306
586
768
27
238
902
220
435
672
880
798
177
587
374
435
33
321
666
602
404
618
112
901
727
31
978
408
486
274
414
616
329
53
292
573
79
428
449
340
449
609
91
443
674
64
367
875
665
439
249
939
730
605
60
536
303
575
291
469
601
467
108
730
976
204
854
38
791
179
573
936
582
811
714
174
223
365
891
938
79
472
935
625
809
298
517
174
211
641
536
99
109
669
243
797
679
678
981
225
697
86
733
653
533
903
713
971
740
108
668
944
655
58
454
813
535
754
186
49
514
806
387
82
640
374
186
585
582
174
868
431
327
990
436
889
42
247
994
245
276
482
854
413
916
823
477
872
990
45
879
933
108
277
402
327
351
108
609
575
493
375
801
200
151
253
729
368
133
554
132
965
36
315
218
435
589
71
483
218
272
607
884
624
632
426
643
573
276
375
782
114
223
384
902
842
259
140
524
631
106
590
979
445
8
55
114
547
20
923
972
43
568
323
297
971
53
743
925
205
451
322
281
888
660
183
594
859
347
101
319
755
313
188
663
754
264
411
445
270
158
559
38
666
120
841
513
990
750
16
971
208
126
30
777
995
421
562
330
662
406
470
92
739
218
646
185
104
857
482
994
162
337
213
409
344
620
735
193
665
390
756
231
350
867
664
240
610
65
973
728
618
548
647
807
885
24
446
119
483
542
843
535
617
105
736
806
805
280
257
706
603
482
490
805
465
534
844
731
99
903
852
987
107
308
606
329
777
238
914
466
677
354
25
619
116
278
834
335
112
220
111
597
88
518
972
934
969
702
826
688
882
148
864
670
267
829
105
93
884
127
510
144
439
327
819
256
383
573
232
939
134
449
1
392
311
682
651
647
924
878
203
932
885
420
651
914
180
801
489
991
63
905
62
528
585
323
952
985
618
905
665
808
113
450
79
87
865
382
143
201
576
754
688
640
488
953
129
79
312
648
183
88
349
980
193
509
222
275
234
574
913
252
670
124
439
235
912
170
697
962
834
54
396
274
414
748
17
640
14
447
344
27
982
720
868
353
172
335
329
191
963
892
980
287
343
412
17
602
536
538
848
604
798
986
699
208
943
857
924
733
222
908
995
95
162
840
975
845
638
9
569
474
81
556
647
635
946
558
678
819
744
549
354
451
335
189
408
260
496
208
742
205
981
860
307
402
935
471
462
594
693
944
782
268
774
319
758
129
954
96
158
893
887
549
741
929
599
174
493
585
230
950
344
963
414
504
926
154
805
986
254
755
615
263
986
644
680
93
361
407
354
204
71
677
560
755
46
766
445
378
854
529
864
101
452
322
356
663
240
78
579
864
373
29
637
978
160
488
5
700
693
46
971
488
635
470
399
280
684
673
222
697
582
577
613
909
239
939
70
731
479
677
624
389
381
366
936
610
473
799
53
37
7
141
16
84
775
789
419
177
510
928
674
254
573
649
612
872
840
743
21
729
600
792
189
961
971
252
532
609
42
421
352
440
328
341
601
556
993
776
649
63
271
676
11
65
92
725
59
402
682
464
714
107
427
78
651
647
80
619
169
14
812
621
917
882
226
237
403
923
294
339
702
439
507
617
191
140
227
25
75
896
907
494
34
871
549
977
780
408
482
122
317
367
592
420
931
297
40
381
876
486
140
635
160
790
883
769
825
571
466
724
493
5
165
968
964
503
623
1
133
111
669
635
444
191
583
263
576
83
956
967
120
354
371
454
991
341
740
898
863
619
918
575
336
410
104
805
672
336
439
15
109
415
32
898
23
842
828
959
990
847
91
244
614
399
118
874
796
448
25
579
973
133
325
550
686
574
260
665
90
820
603
65
627
912
607
522
830
984
347
387
86
636
280
578
931
746
102
883
733
47
515
713
551
904
533
269
812
219
56
792
882
245
251
686
586
464
720
940
868
240
429
355
595
358
168
145
145
704
411
654
323
774
217
735
108
76
702
161
329
194
124
285
926
675
1
374
113
322
392
751
339
296
434
558
683
824
622
188
872
494
228
446
864
589
917
633
842
583
270
272
625
900
537
119
151
157
64
438
405
324
380
140
293
265
73
432
689
381
663
321
94
749
100
796
55
670
250
904
308
57
47
732
135
495
808
454
804
363
413
114
620
268
271
556
567
674
848
804
678
853
43
143
74
747
231
663
962
539
988
56
913
364
920
777
929
784
100
762
708
320
559
540
757
857
926
436
62
567
544
924
280
569
842
1
364
118
932
200
892
395
505
681
484
43
479
939
834
181
403
869
210
62
813
577
502
460
492
445
810
222
869
794
294
225
949
628
354
769
825
882
289
192
665
343
790
834
299
392
538
313
839
386
391
561
288
301
346
456
67
18
925
101
973
172
876
573
370
543
906
496
993
628
803
666
439
67
124
995
405
140
608
814
81
800
386
340
675
268
677
735
827
969
655
583
87
890
109
289
161
420
412
677
599
38
470
945
863
287
535
782
171
867
842
596
717
178
556
131
589
122
446
383
535
314
614
594
299
830
960
520
940
527
528
18
481
259
172
68
170
633
933
362
113
748
248
232
472
766
753
75
136
47
590
583
904
580
580
584
969
26
519
360
983
4
224
823
654
22
122
676
889
911
572
626
31
152
793
374
875
245
413
424
291
53
296
960
949
637
640
542
996
440
950
855
452
737
586
74
496
416
976
11
615
851
608
17
797
393
317
861
593
665
955
1
227
284
920
256
312
53
577
10
776
53
690
495
489
853
139
767
617
224
466
917
297
184
690
20
389
739
87
193
160
168
821
109
167
548
654
865
982
330
184
810
927
235
93
363
458
405
340
763
407
581
92
830
480
842
701
121
517
695
212
792
597
887
351
880
19
609
419
394
160
574
513
916
996
414
138
638
54
994
754
38
528
277
729
571
84
754
655
95
857
491
927
703
657
47
744
464
314
59
48
88
132
92
608
893
158
320
102
308
147
247
421
742
382
166
61
424
278
456
277
821
821
442
363
352
175
186
958
584
592
670
895
957
442
817
318
574
320
977
898
523
703
792
409
363
555
211
540
200
755
740
330
583
529
782
149
259
761
514
30
380
862
759
963
207
925
638
189
314
726
357
598
669
827
117
702
338
791
901
978
634
767
848
566
960
222
805
571
783
689
410
177
456
692
865
100
511
449
523
37
879
439
267
109
934
746
506
55
640
512
249
684
596
856
865
947
828
345
398
305
898
250
920
525
267
743
934
436
340
16
939
647
727
861
58
732
87
826
25
451
168
109
977
118
773
493
730
701
734
814
3
512
860
969
9
4
771
472
28
715
620
287
111
157
199
649
489
113
913
955
935
775
392
427
814
412
458
106
443
705
854
801
139
835
957
170
456
994
874
675
575
344
693
217
286
288
371
678
474
631
936
712
150
24
242
323
642
963
643
299
772
654
82
135
198
951
841
99
598
391
820
765
774
893
397
345
633
878
548
275
281
210
333
564
610
889
508
440
612
217
899
371
731
493
950
289
56
223
528
567
308
456
132
784
408
564
995
158
346
210
934
636
483
741
944
851
230
439
370
362
328
593
157
531
917
596
479
426
533
637
516
601
761
918
491
218
650
36
604
813
111
362
820
15
779
825
592
478
798
47
500
780
359
938
807
26
167
992
946
635
61
428
726
307
893
594
464
997
679
381
953
158
814
434
373
551
458
629
408
498
775
370
189
652
122
425
655
358
63
28
236
532
814
414
89
311
474
699
370
833
929
854
634
238
490
401
411
970
939
191
166
875
481
545
327
886
108
408
462
317
759
355
535
584
706
509
850
292
542
134
7
356
100
466
36
687
632
729
824
743
145
184
604
751
421
722
695
734
45
971
146
515
235
889
298
791
23
5
788
163
369
246
280
494
787
830
634
62
692
894
276
250
583
135
925
347
426
532
998
502
723
266
812
631
432
201
167
901
98
853
643
239
13
148
164
644
902
332
594
668
174
498
17
337
266
27
6
38
802
994
70
977
405
72
669
469
596
517
476
365
889
729
355
964
186
303
96
348
404
816
812
301
130
106
112
189
763
632
83
352
618
358
321
587
344
266
708
472
61
675
917
589
650
64
200
271
864
109
825
229
570
696
661
913
379
902
689
504
11
970
986
208
89
375
156
335
478
489
408
646
513
918
668
918
133
891
309
32
576
729
90
730
770
695
362
640
423
86
414
495
82
948
64
365
103
27
377
61
664
140
947
445
215
737
293
500
721
515
363
18
398
657
212
959
948
172
461
382
388
709
428
70
703
926
730
994
2
808
216
382
52
395
819
663
462
388
459
328
144
990
758
402
501
318
356
89
607
693
929
519
435
738
937
689
922
784
127
81
175
363
151
126
240
488
532
422
735
837
866
163
32
102
771
487
976
648
66
782
377
499
202
957
898
763
482
842
676
453
991
2
593
625
938
223
32
363
131
955
76
580
44
708
846
175
525
274
24
119
468
936
777
167
842
22
699
340
648
721
708
507
793
423
145
943
360
759
451
580
877
503
653
728
17
854
101
105
349
407
221
752
545
188
899
223
30
375
427
94
203
488
679
532
690
265
960
289
855
19
23
894
130
363
293
128
96
439
237
885
778
956
939
819
890
803
731
273
395
878
431
120
835
542
71
188
969
879
368
482
762
792
334
235
628
319
733
409
788
503
385
743
39
278
509
56
894
145
937
896
249
43
760
856
47
499
45
208
305
855
568
149
601
263
904
761
385
406
320
333
942
841
192
638
472
116
202
518
785
203
620
863
305
248
964
43
763
939
924
256
465
19
500
719
36
773
604
797
532
99
406
918
765
162
185
526
402
600
191
740
370
91
727
958
855
291
704
435
926
866
469
112
14
521
995
496
671
161
315
25
212
571
263
517
135
153
976
375
638
380
285
366
413
794
779
743
665
100
888
451
584
789
939
476
965
941
592
773
618
533
58
308
261
771
331
79
184
748
522
113
740
929
757
376
111
600
823
402
693
441
726
251
560
464
673
669
429
49
268
878
753
805
378
25
345
644
555
189
388
35
758
201
824
669
162
368
766
235
283
61
209
959
153
817
151
99
916
869
754
486
843
248
810
2
381
914
781
219
760
49
333
945
861
117
43
863
250
854
300
562
256
503
496
62
304
468
559
383
301
641
959
71
808
643
868
394
451
584
337
760
185
857
816
751
675
736
479
134
831
514
770
319
74
128
30
476
818
523
990
117
155
220
165
202
259
162
387
531
712
195
183
932
44
788
896
265
373
97
419
468
715
446
424
308
499
758
596
14
830
811
331
264
844
232
602
678
463
766
58
506
428
459
789
88
107
920
829
731
726
843
314
758
763
74
633
188
345
676
153
178
305
944
278
257
634
2
79
916
56
370
243
249
168
286
325
501
449
461
362
291
890
503
841
898
461
700
141
144
970
890
640
415
249
98
294
957
79
145
977
888
500
875
793
896
600
300
244
188
372
175
519
245
521
221
226
350
763
564
345
428
753
143
480
338
988
522
58
328
116
788
531
538
334
935
211
272
270
564
546
61
708
291
627
309
549
659
497
967
703
10
588
469
104
737
786
73
167
543
796
123
93
491
369
681
508
614
500
35
793
481
578
535
722
569
581
264
581
547
981
188
895
78
998
802
298
831
13
802
762
575
883
949
578
796
926
689
40
76
44
83
871
599
210
342
261
349
424
906
208
936
355
159
648
150
872
344
175
9
714
679
701
257
738
628
475
1
234
402
491
169
461
789
938
30
662
160
566
572
992
59
427
198
58
646
980
242
258
624
97
914
759
825
231
340
873
819
64
526
648
4
183
309
778
766
207
609
664
505
655
843
196
71
658
943
252
273
487
90
446
430
573
514
280
70
581
922
405
358
943
843
998
339
3
257
412
114
464
74
673
848
83
653
129
61
931
285
753
691
497
832
975
670
280
706
465
837
745
98
332
683
234
818
222
645
508
544
629
440
236
439
794
951
454
28
70
729
339
778
92
563
990
654
751
49
326
935
771
434
560
882
912
191
476
779
785
862
370
158
923
648
388
170
383
222
273
780
190
947
746
997
669
976
241
390
866
126
422
454
49
293
761
26
566
242
427
171
837
721
999
448
18
862
672
676
674
222
656
754
562
807
882
728
353
135
283
557
611
850
313
748
756
307
257
931
284
971
974
6
89
967
932
386
277
666
99
954
214
814
133
36
667
459
280
826
84
709
76
229
977
812
321
261
778
480
983
976
870
507
86
970
959
299
566
504
866
180
503
674
192
158
770
63
699
935
72
981
315
839
225
559
41
792
383
731
153
137
458
106
601
773
171
916
618
272
208
770
832
588
816
807
874
290
66
121
580
426
469
170
173
692
336
110
576
813
138
640
457
165
408
717
820
800
872
499
935
911
916
124
735
224
70
104
225
914
933
983
885
448
9
69
461
441
809
119
940
918
334
100
515
576
381
110
899
27
230
792
558
90
33
842
254
979
110
27
47
782
605
718
864
921
912
291
711
882
257
437
74
30
59
747
296
677
265
271
480
445
973
424
822
835
189
985
931
584
794
879
664
311
111
381
72
565
827
663
73
707
63
650
685
127
546
162
48
199
518
702
402
648
226
73
774
113
755
990
329
771
396
907
196
540
398
88
768
571
67
327
296
759
295
836
7
482
625
673
939
625
645
878
39
407
127
183
368
643
249
185
113
25
295
427
15
246
159
489
885
330
311
807
451
347
210
274
983
543
153
557
10
88
885
656
169
473
191
715
538
736
292
365
645
730
929
172
512
933
935
366
422
865
590
310
729
83
623
477
533
905
803
963
915
285
465
116
116
360
379
601
238
796
59
500
863
857
538
78
430
159
466
539
786
664
704
505
512
332
563
974
929
22
800
580
792
692
747
722
952
56
89
571
497
32
206
646
768
653
980
412
215
820
832
204
632
873
668
403
361
441
999
131
293
348
78
31
140
980
283
308
169
405
509
397
669
608
897
312
162
421
846
599
82
436
577
164
990
409
325
210
330
918
418
578
914
6
966
615
549
76
617
163
992
468
901
46
288
568
782
985
786
682
236
682
409
934
467
913
782
145
352
320
593
408
917
849
460
754
716
303
109
733
129
505
791
601
688
212
897
641
73
206
509
456
108
292
784
555
64
907
721
611
994
203
885
106
697
345
956
944
742
631
74
389
505
998
433
933
963
743
379
870
822
477
62
883
296
947
73
916
377
790
954
452
143
463
150
319
360
334
365
190
199
404
9
895
343
861
656
194
450
1000
497
561
518
456
651
203
970
174
77
549
937
61
683
177
968
494
761
496
726
174
563
975
676
834
390
983
289
771
199
620
583
622
334
25
958
825
149
683
935
745
566
692
872
981
11
864
472
9
29
799
940
376
652
519
901
752
146
757
713
324
646
351
281
394
913
867
349
376
168
174
213
116
434
394
215
480
501
948
2
352
16
512
842
787
440
260
208
141
154
4
797
185
993
155
527
643
940
542
47
674
989
894
782
327
181
294
15
360
584
105
639
212
505
710
151
414
913
487
221
372
750
552
596
904
297
420
707
562
72
411
846
231
767
68
451
741
712
499
589
53
661
187
991
51
684
912
779
376
685
713
102
899
691
449
173
41
179
550
765
603
670
185
240
827
738
709
844
978
392
323
19
27
403
350
939
582
437
177
548
35
603
373
910
935
154
404
640
876
424
310
293
2
957
405
234
445
977
433
401
966
255
284
693
586
64
724
74
721
441
440
426
312
929
619
360
345
278
524
841
485
82
115
982
753
443
522
236
363
136
483
144
205
937
220
724
33
843
682
383
763
372
212
469
819
526
495
998
826
144
142
776
678
243
862
704
144
256
687
123
339
672
844
649
961
885
586
322
947
18
969
685
839
776
211
934
903
725
628
919
655
941
674
484
924
220
986
629
364
359
485
819
414
935
748
979
780
172
44
437
459
580
67
959
259
454
771
635
402
125
304
268
14
150
972
860
770
236
517
117
725
470
751
546
81
906
836
582
783
339
159
958
44
83
267
21
274
972
304
467
248
754
216
262
31
535
496
426
514
434
202
554
836
463
933
199
41
540
25
310
577
462
840
542
969
688
363
250
914
537
640
715
749
773
670
334
49
522
117
37
17
932
595
63
212
65
367
166
272
435
924
247
831
959
3
681
506
638
926
36
106
691
723
733
468
730
29
74
349
339
573
845
428
78
246
100
769
902
53
812
228
99
356
93
25
359
408
29
295
56
602
220
802
559
953
350
672
554
902
547
191
746
284
472
220
547
326
463
812
153
325
555
417
576
729
357
23
661
317
944
66
946
554
281
184
717
967
467
122
441
214
924
639
212
897
368
768
990
880
279
199
768
438
284
616
568
13
184
211
520
129
444
806
370
939
691
389
194
559
904
483
487
587
119
267
410
682
539
406
650
318
879
971
35
483
400
673
861
40
552
961
865
308
281
591
785
688
355
593
670
39
816
559
1
750
719
30
832
336
947
422
970
343
842
723
838
897
8
20
527
281
386
741
92
91
833
754
34
145
9
762
112
695
961
807
678
253
877
308
171
327
24
136
500
752
724
229
139
490
903
663
253
531
243
373
500
484
250
715
209
723
125
517
137
886
343
523
749
161
91
986
928
322
393
129
761
330
75
502
697
601
61
985
269
478
712
287
848
110
44
438
203
430
146
572
250
812
117
799
333
501
25
621
286
773
980
760
690
761
369
88
843
195
861
414
967
284
159
116
258
791
983
61
665
501
161
988
572
461
199
711
767
333
64
237
540
418
135
499
583
232
820
878
423
623
178
138
510
258
527
848
82
806
320
889
695
630
580
743
509
989
312
572
117
352
365
855
223
36
946
175
678
732
699
216
711
223
492
994
325
53
343
399
446
91
8
791
327
685
489
12
862
890
605
784
896
448
885
616
457
186
275
353
131
744
425
965
95
101
589
779
904
539
154
44
974
265
699
5
228
580
322
960
125
832
272
759
147
211
706
816
859
422
338
532
494
987
792
454
556
858
979
137
341
371
78
327
801
934
83
353
894
515
261
581
100
811
431
25
136
726
367
104
295
462
513
538
339
819
795
135
146
864
711
15
545
919
92
607
838
518
784
234
579
714
114
105
818
101
724
775
210
583
371
368
799
502
94
75
433
124
420
925
480
91
129
737
957
563
893
626
447
16
154
910
928
762
414
151
841
136
122
985
500
266
170
727
777
662
232
929
584
76
156
831
680
810
883
928
9
853
385
981
300
268
682
906
566
521
237
451
929
930
860
941
318
590
318
278
944
722
231
729
836
873
317
119
33
178
174
501
132
681
713
142
172
768
805
156
155
494
316
269
236
19
218
899
518
706
614
773
2
369
821
358
738
342
77
543
228
251
457
707
392
456
583
511
522
803
241
366
288
604
180
985
974
746
503
332
305
703
307
892
825
304
128
451
328
828
486
286
385
274
267
365
402
814
279
259
838
707
247
412
827
95
185
530
761
4
546
519
745
329
945
277
63
414
334
675
281
473
352
927
618
789
110
981
417
279
469
872
849
281
328
62
962
523
91
694
848
470
14
297
928
344
726
249
794
793
847
179
936
417
405
880
673
526
572
643
935
683
74
221
562
973
550
766
481
33
675
22
436
409
706
6
415
536
42
732
823
519
382
428
553
364
41
530
60
152
219
751
768
155
448
859
213
301
369
627
438
711
566
142
336
932
191
447
867
140
811
583
376
652
81
852
666
551
972
248
47
700
910
196
754
692
393
305
87
552
120
405
964
53
185
650
811
285
280
300
176
144
432
310
940
836
73
749
860
228
214
893
851
608
768
215
230
18
29
834
329
485
35
5
827
912
916
223
266
58
691
295
708
87
873
418
876
823
936
164
489
572
130
672
614
236
714
996
426
372
376
116
35
370
904
580
341
130
83
469
573
935
88
975
608
588
622
467
580
295
335
940
498
604
369
621
356
353
833
753
333
59
984
621
571
447
64
115
710
753
974
647
440
923
850
292
35
433
636
956
207
458
707
757
459
940
769
579
636
746
765
556
1000
547
925
396
305
298
724
837
230
786
259
650
249
368
244
816
296
565
302
582
749
461
310
13
399
281
978
789
64
536
913
990
532
232
784
737
798
549
435
526
649
701
89
383
8
352
356
279
988
141
621
802
361
989
399
315
447
684
481
576
564
917
486
629
142
813
730
349
867
974
581
600
765
129
264
163
502
640
803
514
389
17
151
920
465
582
167
738
858
693
720
747
592
486
598
329
974
269
162
895
29
389
111
971
949
146
237
24
887
180
642
518
609
169
955
664
533
211
109
744
512
69
421
975
324
54
125
353
626
19
47
926
551
796
256
704
846
409
618
233
870
58
464
835
535
439
663
916
641
855
242
852
292
387
585
465
670
557
467
352
555
20
364
172
845
460
147
727
607
186
517
709
931
273
574
589
239
19
873
66
763
947
154
877
110
464
562
31
889
756
133
135
509
329
585
494
964
829
26
108
326
348
663
607
211
818
802
373
350
502
332
818
484
815
732
739
878
889
302
830
910
214
540
304
775
856
583
633
934
561
376
660
858
819
293
812
758
179
875
727
195
939
444
765
160
34
257
393
689
70
99
178
437
808
870
605
373
22
343
787
220
774
439
624
65
326
595
455
430
419
562
579
145
465
189
579
756
444
497
946
213
692
350
830
395
562
183
550
229
8
575
491
816
121
222
643
905
773
806
457
243
659
953
846
881
517
346
969
701
656
436
840
895
312
828
751
548
926
265
4
242
960
652
254
94
787
48
463
45
299
330
72
364
173
311
218
337
928
446
411
544
355
892
579
783
439
910
458
864
910
748
836
840
343
922
366
379
795
279
600
335
99
976
32
610
943
438
218
303
302
595
608
826
210
871
546
301
523
414
950
7
822
280
169
887
899
567
757
171
947
911
267
866
520
616
98
409
889
585
678
311
344
773
282
962
975
474
634
592
960
960
668
842
130
533
850
682
556
360
149
186
854
468
825
767
459
387
11
316
503
795
495
104
191
345
311
991
766
331
344
204
409
513
219
640
443
563
130
180
875
998
720
86
171
493
312
963
712
264
469
596
772
457
565
12
296
136
873
268
924
237
419
843
430
66
385
429
308
565
461
651
633
732
197
918
147
633
527
777
245
697
177
21
496
790
130
789
356
128
989
741
724
85
506
738
141
484
409
240
419
240
569
213
544
115
525
297
26
596
938
459
321
783
869
397
754
797
783
13
131
203
373
90
301
602
816
539
689
728
239
228
18
770
499
313
977
200
666
43
31
879
875
89
437
40
933
218
125
83
431
287
326
862
491
613
152
943
200
976
135
385
982
488
120
626
416
5
564
776
877
690
764
939
318
972
21
944
68
316
787
874
790
745
564
585
509
835
658
177
584
188
80
963
525
212
595
703
722
578
150
548
157
418
578
706
607
434
999
427
898
823
967
562
685
991
301
167
670
225
215
635
173
201
812
888
563
168
382
175
90
926
935
499
66
464
232
205
658
642
379
631
604
203
465
462
106
897
21
466
241
983
445
74
917
796
294
580
274
536
398
171
270
485
411
26
286
698
571
576
373
607
320
81
426
807
636
591
115
93
545
920
391
216
332
985
408
573
89
797
60
61
189
568
909
65
677
375
796
682
702
650
710
85
574
673
629
602
216
249
425
847
814
837
452
717
951
395
448
742
834
769
574
16
576
761
466
978
624
757
47
381
705
810
626
914
942
279
858
735
275
120
340
98
538
289
909
936
187
477
670
968
510
204
239
792
620
772
812
491
887
179
353
455
261
300
727
556
561
847
731
71
786
593
739
259
969
706
372
625
255
27
420
735
45
240
63
356
729
271
392
699
127
46
895
773
833
252
75
8
924
637
52
719
684
621
462
753
970
412
272
403
788
126
481
91
74
630
2
485
16
197
149
91
38
328
16
580
106
246
547
242
918
365
170
110
429
806
447
185
278
86
872
578
323
20
903
80
651
678
930
981
902
583
224
844
93
532
868
377
58
306
82
659
401
640
246
518
621
909
813
862
618
867
167
139
460
441
272
670
183
809
396
222
958
580
609
80
116
225
955
283
460
895
465
863
616
65
772
435
451
192
462
420
491
87
140
482
685
78
862
272
990
508
989
537
772
737
377
204
705
936
118
898
690
601
480
821
762
502
785
247
620
186
285
581
75
183
976
722
687
64
509
325
602
352
769
473
452
173
539
644
1
959
632
104
569
398
877
490
874
220
485
145
595
265
609
476
398
515
778
971
613
869
158
208
595
450
594
840
12
289
756
975
833
34
486
547
122
803
155
307
681
528
203
231
814
410
537
512
214
917
315
491
43
767
731
293
710
328
515
412
702
250
415
481
138
630
290
908
714
765
482
627
322
902
674
649
947
150
225
988
359
547
8
419
609
854
282
967
600
31
544
441
752
507
219
786
850
279
714
281
194
294
43
719
789
440
576
331
800
542
309
788
678
163
330
221
641
476
258
421
288
807
973
599
171
633
381
414
815
849
454
558
756
303
813
69
356
775
456
927
927
931
750
916
971
634
843
576
21
529
405
875
616
997
594
632
489
194
215
246
751
358
469
253
856
633
485
903
130
637
783
90
580
638
719
773
841
934
587
1000
699
905
323
928
189
655
317
917
232
860
161
440
431
886
656
350
744
940
467
437
752
930
596
482
599
771
134
348
858
427
26
773
412
666
131
626
729
18
208
860
468
901
614
157
78
166
4
898
451
431
725
379
340
419
230
480
339
456
905
698
538
255
571
76
381
577
905
148
854
741
900
62
773
399
190
181
588
481
66
484
788
442
424
2
118
828
192
417
504
326
909
818
541
124
758
948
56
141
607
631
528
233
174
156
496
48
285
659
684
423
726
190
742
83
486
510
784
304
379
587
355
401
635
771
164
980
106
645
362
960
766
22
313
137
311
698
673
372
140
193
661
561
180
507
69
256
293
254
348
893
88
458
567
290
210
262
790
40
555
52
481
326
627
928
532
819
89
2
527
413
721
348
615
336
774
374
797
277
968
438
322
135
121
90
739
731
790
988
949
199
654
888
689
956
283
286
998
184
220
36
3
674
989
802
839
474
592
732
489
631
98
609
203
844
374
710
383
884
401
134
914
665
33
541
382
36
496
979
798
139
932
851
391
821
509
129
797
79
739
398
606
235
786
51
311
968
870
741
352
709
635
395
96
31
310
926
464
746
10
721
841
682
582
229
404
795
901
678
546
253
818
200
33
87
577
966
989
196
992
913
821
663
159
883
146
822
292
953
742
995
608
309
823
45
346
24
492
959
670
426
739
986
755
880
426
674
531
180
429
671
191
695
104
219
846
894
84
215
471
953
243
23
661
655
464
933
964
23
749
63
476
31
315
449
789
274
782
587
257
283
78
908
562
908
174
791
525
751
679
14
817
926
377
669
564
308
122
602
108
593
410
907
820
688
821
66
899
572
576
916
717
596
516
38
319
116
51
614
232
199
883
608
668
673
804
451
357
323
335
533
471
767
124
882
687
397
963
936
965
773
206
881
783
288
609
91
514
811
870
895
449
758
860
455
398
241
934
352
718
613
434
345
909
384
414
859
378
477
214
958
108
55
712
667
946
91
358
490
514
294
473
705
15
174
422
377
180
993
302
302
548
987
114
574
146
272
352
40
552
681
388
97
643
641
862
324
697
676
942
678
100
753
904
15
243
264
844
610
277
587
154
989
750
719
749
45
960
890
75
580
892
929
270
384
253
469
790
332
681
528
195
437
141
29
223
982
829
241
182
301
574
739
147
420
186
983
585
127
903
629
437
731
464
415
660
395
421
339
45
646
569
337
573
602
750
837
152
856
231
671
178
351
226
658
814
64
738
865
380
198
160
841
24
116
425
182
463
14
990
69
465
867
545
604
220
152
870
654
286
289
474
645
750
612
989
42
361
681
113
111
127
683
420
742
230
766
119
986
112
294
789
649
639
466
54
209
292
847
524
2
996
620
756
360
616
687
291
808
340
655
34
479
941
472
223
105
609
572
327
702
549
763
902
67
43
597
591
241
753
210
853
578
435
13
891
328
486
807
793
813
261
769
725
237
945
998
835
296
745
673
156
484
136
23
679
879
589
493
784
323
161
665
665
268
764
318
392
444
179
554
233
631
985
254
570
727
916
720
943
658
500
554
915
589
114
23
444
806
335
88
526
226
127
727
848
720
82
168
235
916
664
26
388
567
571
842
107
341
205
355
787
998
568
331
445
873
165
931
486
686
494
389
89
382
983
596
450
628
273
306
642
515
530
34
118
851
852
61
808
759
695
140
143
277
591
46
832
395
692
921
252
86
226
886
559
224
733
421
814
932
431
777
202
582
663
955
609
608
908
718
29
66
643
797
112
646
60
55
231
307
204
22
722
734
626
80
179
510
365
703
925
639
673
957
848
60
198
465
607
305
224
65
308
76
944
857
377
757
756
364
633
73
155
126
202
34
336
504
530
892
556
419
63
585
969
802
441
875
23
86
993
323
658
499
409
233
546
239
238
1000
390
484
348
312
720
858
578
11
844
118
156
954
469
371
840
875
85
63
753
117
39
542
270
540
857
834
148
179
563
641
442
512
848
582
111
642
936
849
868
399
122
422
621
750
910
709
178
582
939
269
907
185
266
643
252
529
291
971
928
606
409
839
523
682
770
184
919
775
272
628
359
880
683
128
630
765
993
810
31
302
171
746
951
491
296
402
27
587
510
637
424
392
631
617
363
993
813
403
608
645
988
264
483
544
188
268
935
233
123
288
117
628
478
824
10
742
666
143
931
945
458
216
620
570
974
76
755
572
983
154
428
628
184
393
916
104
858
427
347
538
584
7
190
821
392
512
156
657
413
952
900
852
41
760
27
612
181
945
814
363
243
584
987
160
999
843
308
750
551
495
193
23
106
126
39
954
95
584
847
915
167
752
845
359
159
843
484
743
159
403
794
745
126
409
353
7
949
168
485
171
506
907
511
757
572
980
92
256
186
207
242
382
620
894
375
39
119
967
702
696
824
466
795
675
63
917
839
871
221
690
165
51
237
445
768
926
266
638
460
512
590
617
784
57
213
557
903
304
21
872
147
481
686
46
216
349
319
891
424
779
127
296
577
952
520
124
57
647
956
725
880
180
825
444
725
489
377
140
547
724
901
823
979
247
99
884
799
207
484
764
462
696
607
153
475
184
6
731
932
994
397
969
958
504
190
396
855
881
98
652
896
517
474
82
323
692
64
151
715
29
511
489
430
44
224
818
784
340
476
183
680
956
717
725
651
980
743
335
758
457
229
787
734
101
155
714
296
141
409
576
659
537
412
482
1000
463
547
774
676
844
423
400
935
180
530
205
425
803
736
60
833
191
797
341
489
368
388
236
289
631
799
745
633
701
861
829
261
664
361
71
429
160
86
823
869
678
41
387
802
461
756
345
298
354
869
446
62
475
957
391
193
891
791
250
440
17
200
248
775
443
556
266
535
23
794
544
286
338
600
338
581
308
194
981
599
443
131
387
372
488
469
550
567
402
698
571
293
284
72
396
836
725
248
498
332
876
726
590
197
539
707
119
21
986
876
349
714
609
809
929
647
491
726
505
809
179
234
429
171
841
393
857
224
539
258
239
751
962
447
327
675
707
881
302
928
596
757
525
211
374
400
860
889
891
783
244
291
381
287
411
24
376
654
530
230
574
371
118
828
351
273
461
461
967
228
678
37
79
475
233
76
724
358
954
263
135
396
971
691
992
730
836
303
467
342
303
500
292
677
683
185
969
560
690
84
967
681
402
499
195
137
103
977
545
273
84
36
238
532
444
634
741
341
781
244
974
547
407
808
819
160
591
829
751
469
60
15
328
360
382
265
648
567
896
182
241
545
414
514
205
197
88
392
720
767
852
596
415
798
27
168
833
138
660
77
784
920
992
801
288
469
298
170
957
131
179
16
623
928
221
920
811
19
307
202
491
959
563
919
394
788
624
837
142
184
172
69
323
765
889
391
284
255
394
176
544
105
652
523
45
762
892
786
839
304
209
183
786
910
604
175
972
487
689
159
834
864
909
207
381
59
789
466
603
293
771
62
27
129
331
472
518
478
81
938
984
849
479
247
599
981
10
179
708
63
675
523
64
101
987
590
527
405
524
102
761
185
780
302
42
264
648
321
83
421
142
565
689
622
724
249
873
497
128
63
731
183
362
566
259
866
367
231
157
993
746
969
90
282
82
538
4
410
341
667
159
995
776
128
432
975
361
965
968
197
936
789
778
365
598
745
648
95
615
963
297
850
532
292
832
272
537
302
574
165
129
950
191
491
220
576
279
711
420
968
122
256
718
247
865
47
63
148
503
421
550
266
209
196
414
942
936
930
569
392
913
112
666
348
823
15
584
369
591
101
396
47
685
36
737
899
164
676
86
546
553
704
324
579
366
755
915
230
370
847
67
154
136
378
912
148
716
669
21
797
944
402
741
142
460
895
984
119
622
322
887
39
205
810
227
411
733
804
160
895
295
431
418
333
187
10
312
245
993
444
50
34
291
472
274
990
592
82
876
856
887
901
639
519
680
253
652
744
458
975
420
765
356
722
504
809
950
984
166
674
577
151
991
695
933
825
827
383
828
685
470
176
395
357
527
641
291
749
847
468
863
509
461
764
896
458
475
625
377
247
453
996
201
896
186
756
369
755
347
107
140
495
640
577
821
67
559
149
138
243
533
529
585
473
80
886
530
930
780
99
766
871
501
555
882
453
69
647
537
807
551
704
990
583
473
213
316
569
892
671
816
875
246
629
756
240
787
700
983
806
195
465
94
864
891
981
434
189
511
420
276
765
57
348
687
155
521
47
725
535
692
330
690
401
145
978
73
476
260
380
498
266
557
75
215
123
901
593
523
74
281
107
608
496
567
524
122
176
85
389
565
300
540
811
244
726
299
110
644
339
884
499
545
495
290
970
263
248
903
383
378
808
260
564
222
285
424
80
204
986
798
723
631
10
367
47
484
23
449
122
586
222
9
650
273
718
805
772
133
666
511
846
474
582
496
977
700
192
480
394
37
660
146
254
107
550
19
572
4
554
628
867
788
430
516
916
995
887
464
437
958
865
257
796
273
38
612
437
814
253
519
286
972
350
841
874
783
928
911
422
251
858
527
495
191
764
597
415
575
337
607
501
966
147
22
530
282
541
112
328
508
862
139
800
402
513
220
11
520
42
628
346
348
839
877
845
240
519
209
734
385
906
160
288
788
710
778
431
666
169
842
334
257
205
729
232
863
701
855
318
447
673
242
433
258
873
303
14
82
888
596
344
285
216
904
192
214
362
351
273
163
356
832
89
870
477
765
151
375
534
503
735
190
662
925
23
406
71
199
310
927
364
263
624
481
576
389
442
748
211
212
322
497
433
808
403
676
773
368
604
343
524
959
364
572
499
28
8
493
105
367
564
931
445
656
1
210
805
928
102
342
136
957
658
25
347
2
159
30
177
792
464
957
79
821
243
130
105
535
996
677
184
521
15
788
756
885
865
565
519
567
688
550
104
327
193
280
748
117
471
257
996
832
690
909
698
411
237
369
742
873
577
940
289
531
984
757
657
911
155
978
769
658
468
11
843
233
261
285
288
752
149
327
373
729
466
762
773
855
894
209
193
616
885
545
975
923
371
906
764
424
68
542
374
580
289
763
249
558
689
925
87
435
16
189
736
570
527
375
281
199
596
664
916
950
227
418
589
558
389
92
233
778
131
932
605
929
100
727
649
415
953
960
362
953
563
470
959
389
461
136
983
239
951
39
716
558
251
851
876
35
347
994
860
501
939
758
314
16
56
257
8
516
516
233
172
245
299
208
849
936
960
568
74
804
217
713
296
332
175
169
149
67
176
201
174
962
510
909
61
755
288
98
532
398
495
556
493
103
404
580
796
381
882
713
863
763
435
658
570
216
244
232
680
552
159
852
382
129
804
525
103
534
76
834
717
747
717
974
604
522
9
546
84
580
151
412
31
654
956
859
521
877
695
13
557
100
318
858
266
800
996
972
820
69
914
522
110
909
875
851
646
129
660
199
469
453
50
119
709
819
320
94
974
598
10
573
353
584
482
962
830
511
435
963
366
534
861
226
400
147
916
53
930
340
786
988
196
610
689
887
60
116
555
911
137
896
416
60
446
111
243
540
802
862
463
671
408
716
287
569
219
659
895
326
984
917
753
687
762
562
13
176
216
833
711
662
154
655
905
973
611
492
513
263
947
126
706
717
969
874
7
69
679
318
661
674
912
19
614
157
55
345
343
306
220
541
696
770
830
380
84
730
323
522
588
599
493
57
674
16
174
427
132
392
782
108
591
47
279
224
703
928
597
740
350
571
443
514
478
982
133
654
12
300
714
930
686
979
541
299
397
110
555
581
240
153
360
186
407
801
50
813
448
232
657
123
56
581
410
714
727
733
954
887
39
209
462
446
829
561
74
930
33
25
175
94
885
535
913
870
785
206
878
554
285
746
667
349
583
160
529
704
121
386
353
694
657
905
410
667
887
571
241
117
764
485
344
659
626
616
781
582
490
2
83
9
384
250
559
915
145
532
876
498
819
646
329
856
524
556
916
315
319
36
146
302
254
865
389
963
686
93
428
896
340
469
697
309
916
817
642
310
192
925
596
694
191
651
768
927
284
651
26
15
47
939
934
908
555
901
664
645
211
260
166
446
780
579
286
463
411
78
21
754
519
391
32
296
109
837
693
295
180
75
727
312
327
417
553
824
520
714
599
449
212
827
742
709
407
546
36
640
658
727
667
690
519
402
976
1
304
850
339
252
56
411
922
975
560
719
874
341
179
70
637
564
942
895
546
819
315
650
959
486
917
854
199
173
197
321
347
84
315
913
800
514
224
518
748
383
789
415
684
539
913
283
651
849
348
812
3
376
32
919
351
135
378
753
590
103
697
161
626
199
98
209
986
537
974
85
922
743
972
609
235
476
271
962
763
657
678
8
537
531
818
500
902
429
615
37
614
259
346
549
304
383
121
263
677
654
217
512
931
642
300
434
770
621
611
345
710
648
64
279
214
585
227
906
367
449
305
622
280
948
830
11
650
858
699
114
40
234
591
593
503
330
43
886
66
645
511
973
283
53
149
336
885
150
216
157
459
434
951
207
956
787
158
587
159
273
380
109
464
113
222
911
768
849
372
244
616
272
733
709
624
352
590
234
518
978
557
874
875
107
801
308
618
64
782
239
208
93
419
521
15
952
627
385
270
330
550
650
190
351
789
799
848
870
504
57
718
641
867
16
797
632
712
339
109
723
129
507
48
237
577
655
181
305
671
990
357
543
830
143
665
397
22
587
26
671
632
66
504
81
201
278
841
398
215
82
705
695
190
300
987
145
606
565
887
137
902
217
947
317
675
201
278
256
120
159
387
527
476
41
806
295
641
163
850
876
950
303
891
825
232
318
343
119
851
202
155
608
588
445
994
645
308
773
428
698
134
369
797
157
919
359
434
759
975
59
920
243
404
687
240
453
668
715
274
339
548
865
546
886
693
323
185
64
171
990
530
546
51
722
587
901
266
105
509
878
63
413
559
767
143
803
558
693
921
956
432
463
364
751
833
566
783
211
438
659
796
815
174
595
734
537
266
554
481
96
376
809
805
381
506
277
221
166
608
993
73
854
953
889
834
707
837
734
178
45
604
592
176
767
868
838
383
317
520
624
63
635
933
133
259
136
555
322
477
814
276
883
273
370
995
471
112
998
66
493
169
401
519
91
871
836
647
423
367
921
897
86
953
662
775
651
968
195
938
346
935
158
346
55
359
644
560
356
436
458
144
52
119
719
246
116
935
469
68
678
644
542
10
967
252
683
817
771
320
547
965
291
320
553
902
160
113
217
137
286
127
891
284
396
874
301
711
987
333
868
400
518
175
192
935
725
988
271
574
98
602
946
936
638
323
120
373
457
510
719
819
186
877
21
597
266
203
111
951
621
293
389
182
125
47
475
738
461
148
997
867
648
992
363
114
313
506
392
733
894
92
997
350
272
380
114
606
604
132
642
602
340
509
741
331
672
345
22
459
631
644
502
981
610
353
423
331
672
782
156
860
316
443
567
935
698
490
200
538
706
4
833
139
980
203
247
23
496
438
449
536
240
717
790
34
760
227
172
707
320
92
831
357
545
645
456
277
898
569
476
827
513
37
578
945
276
439
158
152
431
780
964
152
27
412
257
36
143
851
387
883
67
466
504
498
432
192
908
934
350
426
113
849
791
69
130
50
408
639
132
624
962
661
887
321
915
79
617
490
187
785
433
533
144
475
89
689
602
707
471
282
694
598
907
301
394
152
556
120
170
965
89
261
617
187
370
452
720
490
766
423
274
105
539
372
748
327
822
209
414
590
415
891
8
760
148
65
144
497
950
603
164
903
367
733
206
75
352
81
697
669
832
320
352
714
114
311
452
174
462
70
501
376
238
982
346
999
398
309
224
372
354
255
72
901
268
785
713
840
999
179
423
791
550
185
219
820
703
339
23
676
62
508
735
28
733
575
468
666
726
449
956
779
936
559
442
619
459
713
967
88
102
77
881
972
923
664
781
262
726
590
859
423
665
495
883
396
157
122
672
48
585
418
69
579
948
807
85
455
482
306
422
834
914
565
652
406
59
353
352
463
178
986
895
975
560
545
401
82
927
792
321
343
827
375
668
279
972
777
727
592
585
253
814
948
580
855
948
375
384
417
447
562
680
654
173
212
116
361
590
138
779
93
475
614
178
768
417
952
397
775
161
345
577
492
409
923
944
711
904
253
301
542
464
890
233
255
357
749
310
430
704
161
667
659
141
243
842
227
914
774
624
701
260
954
854
36
469
127
595
324
870
879
286
478
950
673
746
195
309
29
106
392
909
517
938
963
912
897
966
138
912
291
703
795
254
833
778
520
565
847
536
167
377
182
952
790
394
959
859
2
564
535
160
924
242
657
927
550
903
838
808
572
93
966
53
476
726
993
887
531
521
974
338
835
720
838
352
753
836
899
811
733
967
960
864
719
518
701
165
472
948
553
892
653
29
453
586
790
622
992
521
468
398
737
318
5
125
602
385
687
660
240
288
792
207
582
766
285
157
800
997
427
235
994
581
913
988
60
47
556
572
233
44
847
881
380
177
933
72
165
490
662
471
193
623
638
90
71
480
641
845
708
641
355
982
384
968
460
977
27
482
759
719
403
571
668
3
717
769
939
376
883
552
783
352
371
551
865
831
632
379
362
549
167
946
211
721
572
423
228
383
775
469
221
798
627
165
852
660
263
300
357
469
181
361
196
414
701
855
371
834
233
651
562
718
981
517
488
296
507
870
349
871
596
685
470
678
506
242
813
227
606
832
570
243
839
136
474
713
367
501
276
606
10
553
679
280
856
49
690
813
900
519
271
370
28
153
534
959
730
232
246
430
962
764
868
772
223
784
938
445
776
214
706
171
527
77
564
863
951
182
268
541
399
654
252
608
932
314
818
19
689
597
204
749
911
29
844
858
219
971
95
390
288
819
554
861
591
962
248
107
733
51
617
972
148
708
940
903
362
773
785
156
938
403
844
108
866
494
565
371
828
651
271
930
30
730
103
520
438
174
155
448
111
535
198
125
272
208
853
559
46
15
261
678
291
870
283
457
380
784
879
444
952
624
796
654
660
384
674
586
301
644
888
812
640
306
970
739
257
550
445
826
955
104
576
11
332
761
907
910
759
963
989
498
222
86
82
469
374
457
483
432
544
743
698
455
395
37
245
200
729
403
757
18
861
549
412
92
70
174
887
871
570
757
726
494
325
144
850
95
326
424
739
552
145
991
816
938
284
303
454
88
264
421
161
788
732
710
209
435
615
943
558
874
92
754
137
89
193
368
894
880
232
309
320
415
706
864
378
435
396
317
732
910
332
508
406
884
197
557
147
486
659
166
819
388
613
582
732
36
287
833
536
734
116
953
531
186
36
221
785
261
641
533
668
739
85
704
605
208
505
99
498
509
879
323
609
562
328
553
865
872
441
976
905
469
826
128
896
83
122
989
707
885
252
347
652
919
600
320
810
801
439
413
289
394
243
62
836
302
899
409
579
663
179
669
150
652
288
950
732
245
789
863
438
164
234
433
543
682
991
668
310
244
276
160
513
566
687
936
748
751
247
776
944
660
190
615
987
546
251
196
864
499
723
195
973
345
233
399
446
234
48
699
758
366
53
94
467
755
216
911
490
51
216
115
597
425
102
971
773
26
215
659
211
890
433
917
116
899
632
179
52
51
746
359
36
150
76
355
419
264
662
3
286
582
111
605
190
707
968
942
981
184
517
786
431
63
329
175
160
511
334
430
622
492
863
627
951
450
63
19
646
480
636
188
243
102
163
165
136
687
180
945
557
644
593
374
708
166
429
165
814
163
500
319
285
805
197
9
267
747
746
856
538
639
982
932
724
437
683
150
279
720
831
881
774
836
714
976
4
393
165
551
857
271
288
362
580
563
539
609
537
732
21
903
541
498
840
540
742
577
612
623
648
506
668
530
224
71
168
629
422
731
628
329
174
198
48
627
529
22
592
328
433
473
1
264
276
436
210
831
467
500
797
162
880
549
525
714
517
413
413
447
499
267
291
163
553
263
872
126
45
195
96
446
268
858
101
421
67
744
213
581
728
651
586
6
551
236
804
879
584
112
206
443
140
411
220
722
397
580
400
630
901
202
872
508
987
781
647
835
136
951
705
447
713
776
210
53
433
377
427
803
175
101
493
53
52
127
436
469
639
359
502
262
798
118
827
637
677
93
559
45
924
354
735
996
154
615
111
991
614
85
624
569
463
261
414
182
808
752
723
268
218
200
20
552
284
375
307
860
939
339
849
604
774
381
348
83
674
162
916
999
231
434
310
722
619
773
918
938
243
746
325
469
4
789
18
471
73
526
557
849
567
339
769
425
460
451
107
378
804
962
758
861
91
305
892
117
242
591
484
853
351
18
73
173
886
96
98
348
758
834
138
899
798
679
208
823
899
767
13
706
848
138
620
387
662
877
153
104
516
515
684
182
109
617
748
370
737
591
524
342
503
615
342
274
359
715
487
999
527
447
736
65
408
191
421
672
288
308
10
237
102
150
340
300
527
900
194
798
323
57
83
695
870
887
457
542
94
202
422
294
97
245
951
339
769
447
162
307
668
903
996
877
570
14
465
995
232
798
718
599
277
284
432
912
583
87
583
432
999
715
994
876
342
310
147
46
671
628
693
357
574
469
859
639
949
218
826
283
859
263
801
762
665
488
557
33
158
630
939
80
772
360
389
487
702
883
271
403
327
408
728
821
108
670
621
495
688
991
849
700
461
13
219
105
838
693
136
306
433
694
795
427
369
443
674
711
686
752
425
328
63
338
62
823
451
250
612
664
798
387
668
144
583
631
183
324
278
706
688
941
771
290
166
930
352
85
470
769
207
214
179
897
657
364
797
817
75
244
350
94
712
233
737
645
339
728
67
31
880
911
347
268
568
11
981
422
622
326
28
785
98
67
806
540
861
48
479
429
869
188
419
37
707
519
245
829
952
673
49
617
936
176
941
209
49
23
316
368
44
212
234
980
726
131
645
703
836
786
106
103
969
20
214
437
72
965
810
600
777
588
626
917
9
856
768
555
690
159
328
86
762
391
178
918
620
98
206
727
226
642
172
23
871
238
319
908
4
854
856
562
841
736
342
26
197
360
486
493
83
561
939
966
280
244
525
666
704
480
715
102
923
82
235
259
888
552
795
68
432
146
497
162
800
75
226
471
255
21
379
963
227
341
714
877
391
612
811
988
948
274
184
568
294
532
888
710
979
859
212
831
585
956
652
20
12
248
111
550
494
771
631
168
333
545
922
278
770
699
929
124
68
256
631
351
15
183
475
424
663
871
230
312
479
880
915
533
453
687
653
375
439
681
809
877
575
256
261
165
234
678
544
307
22
61
703
412
101
62
357
658
513
29
864
256
221
599
930
667
708
463
474
953
610
106
598
200
779
492
865
310
905
710
510
546
995
385
815
243
257
196
224
102
867
195
20
628
408
666
913
953
848
141
328
767
427
847
882
314
88
155
313
172
924
49
973
680
467
928
703
466
766
252
550
900
213
993
869
434
763
583
781
758
672
440
323
965
392
660
724
108
699
911
384
315
1000
469
205
394
56
679
202
933
675
684
687
437
331
696
129
32
979
363
737
458
868
920
976
100
400
696
628
523
877
443
499
242
988
29
130
186
860
891
976
156
167
632
81
982
18
470
833
910
148
327
561
393
876
38
304
506
624
624
47
601
7
448
51
762
254
725
290
15
262
333
14
75
228
50
910
623
473
738
968
257
980
934
899
689
525
852
681
709
505
356
930
830
629
736
452
252
58
743
894
457
711
386
519
862
751
345
141
259
71
509
231
213
790
516
901
917
608
144
49
30
166
606
111
624
350
716
962
554
12
440
128
21
862
51
2
933
182
490
520
542
568
389
8
165
57
923
93
493
805
420
39
338
238
339
726
812
716
297
317
799
337
684
203
531
391
311
298
57
576
543
414
936
189
639
548
219
148
10
15
626
513
343
228
24
705
192
616
777
614
931
473
768
224
609
873
880
723
490
464
210
785
663
129
176
993
363
160
667
702
89
999
577
532
819
346
58
234
39
593
303
633
547
247
399
616
259
608
317
299
803
397
453
615
938
632
232
559
191
929
857
460
326
966
503
800
455
827
648
608
311
155
475
631
19
737
243
14
32
433
910
945
398
320
851
48
11
327
676
206
493
303
636
233
668
181
125
883
451
64
875
249
906
561
778
376
550
826
783
774
808
302
507
450
290
564
55
566
303
763
256
646
127
20
850
446
190
957
253
945
183
177
599
804
586
669
390
561
53
131
880
954
670
961
442
740
475
607
50
180
117
568
41
806
704
241
137
767
337
703
970
38
108
362
291
11
873
702
761
460
432
375
838
998
45
737
627
698
746
279
524
761
724
859
36
73
419
428
217
907
712
456
249
269
713
845
755
8
295
598
411
696
205
894
953
471
467
451
328
902
230
426
906
109
510
286
826
322
537
119
471
664
749
227
642
273
472
298
770
470
305
178
675
65
824
784
122
77
697
731
439
907
291
227
709
442
640
927
789
908
525
806
835
940
437
630
148
466
266
65
317
408
916
208
126
583
941
584
368
756
812
66
456
655
795
735
11
63
661
655
447
146
203
726
501
206
243
201
134
432
14
607
815
217
145
963
910
55
39
211
395
17
738
339
782
140
601
760
987
215
970
382
61
790
449
408
269
638
380
642
991
368
870
254
514
811
74
319
942
356
819
700
873
532
965
877
203
178
195
48
903
343
513
652
218
241
48
435
941
388
837
294
345
10
153
357
757
431
438
908
494
329
724
417
180
864
689
554
208
846
641
845
671
442
683
861
131
548
151
74
962
770
183
547
877
358
416
735
510
909
285
991
44
105
512
152
655
384
864
16
621
710
508
669
510
727
246
381
969
709
474
795
987
936
976
292
675
439
175
899
203
61
795
218
476
460
419
65
223
464
173
305
423
694
855
732
167
250
16
659
498
939
954
678
163
552
554
700
271
749
977
745
844
347
478
452
874
961
167
192
707
62
231
577
76
788
281
743
793
664
454
293
494
988
900
414
259
471
131
889
976
49
959
830
733
113
375
590
954
25
775
846
275
766
645
840
674
275
102
606
469
468
401
989
793
672
677
73
774
257
631
419
611
200
458
917
419
128
186
899
402
239
935
968
395
854
985
143
472
803
265
712
50
79
917
181
233
411
751
588
576
170
726
423
987
379
267
926
299
891
853
923
395
766
281
741
220
702
554
359
24
343
890
223
39
23
916
38
29
506
696
754
748
681
575
353
741
202
995
973
158
188
140
332
434
821
732
234
204
257
453
104
912
106
798
152
470
373
271
738
543
510
63
235
564
277
684
662
133
214
45
823
720
736
652
174
252
323
605
1
770
622
565
462
604
410
283
95
40
177
996
622
978
672
351
717
974
451
815
302
233
777
503
536
947
423
702
646
149
991
475
40
598
114
971
126
596
432
963
456
620
477
396
757
693
344
451
680
297
99
644
315
96
152
641
39
621
924
13
124
596
413
325
460
277
399
183
421
900
122
609
907
869
453
149
810
912
787
662
588
966
511
94
853
669
980
359
145
926
505
881
179
698
846
877
971
91
666
768
919
847
424
604
589
436
948
579
66
238
119
244
210
834
494
313
322
677
384
76
714
531
590
753
753
369
527
762
513
446
935
402
596
849
645
318
606
371
472
218
711
239
521
827
981
94
331
69
242
406
399
803
895
620
517
965
254
778
899
485
221
234
557
729
874
20
722
511
219
63
662
949
144
802
591
582
960
346
115
539
262
833
818
29
643
708
734
790
710
555
376
115
185
928
236
654
788
302
739
81
939
730
867
512
462
341
917
44
534
50
715
966
117
144
8
217
528
20
737
309
261
861
380
557
905
431
471
465
200
765
133
749
676
36
653
589
732
641
282
516
852
494
741
846
308
150
410
355
791
949
459
723
815
315
721
997
445
941
439
372
361
382
512
974
474
109
296
666
262
94
360
8
212
904
494
462
363
449
511
115
315
750
323
882
483
174
769
272
458
71
449
113
850
367
668
45
217
925
974
579
22
303
328
87
936
465
175
306
871
652
345
724
215
592
500
504
85
804
900
143
762
1
301
470
322
824
548
42
229
755
781
830
879
344
332
220
451
83
647
18
532
58
435
107
364
926
725
415
662
369
488
132
180
246
758
380
702
945
640
123
520
346
766
768
639
632
462
141
823
12
52
749
855
963
40
811
185
584
952
860
251
731
368
47
465
745
954
967
223
243
14
750
463
318
255
51
723
862
899
876
569
63
696
783
993
350
538
136
649
730
385
859
517
761
673
278
988
329
140
333
331
48
464
628
378
197
362
142
388
630
722
918
209
654
791
201
454
36
570
69
280
91
683
152
496
746
951
110
89
110
430
785
272
431
356
45
503
465
146
241
962
755
692
335
402
513
655
292
654
17
129
699
649
549
661
500
721
855
7
44
526
294
997
551
621
730
320
66
309
504
614
409
562
902
529
649
353
316
523
450
336
327
91
721
625
770
364
862
974
665
892
876
34
890
38
363
674
854
869
449
217
498
32
923
384
739
383
229
959
316
967
371
629
593
858
551
78
137
695
598
411
955
547
50
272
885
722
78
652
592
252
123
628
692
863
872
943
102
95
930
483
556
757
79
163
854
841
890
258
509
988
894
84
919
875
519
614
616
594
949
117
117
447
212
249
670
423
61
452
3
904
487
134
949
757
422
951
203
527
196
432
852
990
975
56
941
813
994
146
13
604
139
583
643
63
775
118
565
129
240
994
403
744
398
424
909
378
191
781
528
309
296
198
508
674
410
797
813
923
212
638
948
436
821
487
629
107
774
298
524
939
218
202
632
339
505
569
171
440
444
952
227
350
777
887
422
531
60
635
24
507
260
109
740
703
954
652
840
174
702
35
765
157
320
757
689
387
166
104
538
461
641
753
871
329
247
398
593
132
850
331
979
631
850
144
820
979
856
50
29
417
821
466
838
419
836
723
703
230
935
925
951
44
461
440
152
478
168
795
536
83
754
794
777
89
864
904
37
76
110
806
442
102
453
797
880
110
33
324
220
701
69
339
101
73
597
987
175
22
185
683
144
243
811
169
557
387
897
633
626
757
559
523
66
768
331
205
871
97
237
68
301
814
444
20
525
287
487
135
484
829
252
957
277
863
262
436
55
927
403
666
311
573
942
451
38
770
404
922
764
789
572
706
866
38
868
654
240
673
624
78
73
246
312
137
563
156
758
388
59
330
439
506
295
367
918
930
195
253
946
596
993
614
80
765
160
106
655
995
442
869
557
924
946
416
894
118
497
23
130
268
764
987
682
894
25
385
746
573
430
793
146
816
851
718
913
521
445
456
972
329
511
806
938
415
147
328
2
53
449
776
401
670
882
576
640
119
958
693
358
916
459
508
65
974
355
160
128
338
756
760
618
497
582
209
635
866
479
423
521
834
96
577
926
237
741
527
544
137
25
702
99
77
161
634
638
651
860
610
339
461
596
441
708
737
531
489
761
556
270
937
116
100
851
991
586
471
960
972
907
964
109
256
340
961
390
89
658
40
275
284
848
395
449
149
4
455
627
983
982
500
862
593
15
776
850
122
35
462
412
998
196
175
920
652
625
193
362
256
635
225
266
407
59
183
738
849
861
481
936
778
196
829
387
94
287
425
310
354
190
8
9
93
842
9
801
956
512
174
760
888
957
880
183
598
706
241
658
106
827
820
816
180
637
672
284
40
346
923
384
962
551
920
739
199
588
913
664
786
313
803
142
493
212
356
78
59
504
297
465
575
690
730
614
807
321
280
705
546
296
366
826
588
766
841
267
955
572
626
12
61
266
363
924
166
574
507
480
29
461
699
880
442
236
656
25
39
165
156
492
999
744
461
930
2
162
557
775
383
290
336
480
310
87
780
807
624
656
404
972
502
23
310
146
46
367
617
558
631
616
753
638
127
243
892
630
911
496
730
971
977
700
262
242
435
800
366
511
890
172
989
600
506
995
978
177
775
215
579
28
273
477
363
873
903
73
681
654
75
356
13
942
800
733
478
816
453
595
652
299
999
818
888
835
905
57
360
859
698
442
411
940
895
491
763
198
516
573
251
233
39
792
330
501
840
552
411
687
847
145
71
89
144
501
879
364
481
264
185
382
670
510
796
59
426
857
109
412
916
281
365
598
301
585
176
805
453
770
127
508
727
422
901
44
66
549
281
261
922
43
47
855
849
979
245
178
53
579
74
789
597
546
987
636
162
471
211
980
496
212
698
13
148
947
257
616
706
843
608
586
364
790
425
303
82
737
41
299
473
212
294
397
676
918
891
942
524
413
817
174
548
416
172
594
848
519
785
593
832
374
299
349
403
188
846
511
767
89
422
987
425
859
438
225
317
473
120
212
2
636
113
893
216
294
370
976
716
938
800
92
966
840
215
999
153
209
991
818
510
594
336
304
666
582
594
560
184
74
306
762
575
618
153
880
30
203
632
799
341
819
169
96
843
589
262
161
942
459
76
599
269
701
344
401
842
429
769
230
660
461
278
240
160
841
569
17
939
58
108
131
578
275
757
30
62
840
445
165
134
621
692
568
782
18
603
559
487
55
806
691
396
75
62
307
17
966
621
320
865
795
522
811
540
87
681
436
493
484
785
229
651
698
723
322
379
533
144
712
61
84
757
876
63
692
755
735
78
137
497
161
614
36
132
460
957
517
603
722
418
166
327
848
627
747
499
823
582
592
111
861
188
815
631
908
923
74
86
206
199
259
809
477
265
692
104
472
157
165
739
633
832
93
971
92
464
348
324
551
681
755
236
657
699
510
405
524
869
484
959
847
790
870
892
57
191
14
617
382
844
773
286
528
822
104
826
306
51
429
284
955
824
753
463
373
301
968
450
49
619
201
217
111
590
549
196
1
794
613
84
773
617
338
874
299
146
599
933
958
13
482
346
575
837
996
53
205
191
373
310
545
58
662
84
243
758
565
610
527
367
454
28
834
881
4
473
858
694
978
684
707
977
456
377
826
603
216
546
795
458
262
628
871
649
811
146
50
709
812
347
790
484
152
965
707
209
618
711
731
560
260
492
544
748
512
318
930
9
414
293
572
421
455
844
109
70
142
352
153
338
128
962
815
147
226
513
335
61
570
668
926
532
782
844
215
79
457
913
103
46
347
945
387
627
65
476
188
442
516
699
758
252
139
250
661
147
115
933
100
856
8
730
765
54
926
123
900
674
877
966
882
321
64
445
922
289
500
576
433
127
649
502
917
505
448
267
406
332
624
135
40
305
167
380
246
7
803
268
328
837
210
668
782
577
590
990
174
309
491
442
276
204
315
577
233
784
179
266
27
756
293
355
438
382
979
487
902
688
957
497
469
66
293
522
784
269
52
859
604
190
272
345
383
387
997
354
144
957
518
906
475
784
256
665
70
723
522
98
236
671
348
619
311
981
892
838
759
318
627
802
542
209
935
869
643
74
707
343
95
284
782
48
686
112
807
791
221
884
11
561
568
302
833
762
172
373
715
36
960
621
984
643
71
669
215
30
173
736
691
346
507
245
956
766
830
740
285
913
763
223
919
339
316
29
613
19
220
12
988
548
327
499
661
44
621
332
543
149
952
432
568
863
65
825
23
403
480
889
723
618
396
150
411
423
815
377
710
421
40
295
269
392
152
930
544
215
677
204
542
580
429
649
204
158
899
307
794
782
675
882
583
513
711
220
308
967
13
130
51
473
457
606
497
382
866
307
191
295
161
278
523
403
218
526
711
198
946
300
967
117
637
459
710
561
155
437
291
756
291
788
1
979
631
331
491
320
844
575
165
616
663
194
317
916
415
339
355
818
470
335
135
573
454
386
416
939
95
952
937
754
408
284
16
178
590
123
154
306
79
37
499
325
487
438
854
54
588
12
522
492
663
749
531
105
6
238
448
90
850
476
216
654
272
656
510
34
95
58
506
858
213
687
382
904
804
685
287
626
76
686
934
776
217
875
147
101
896
220
307
183
829
725
7
588
816
524
424
76
239
825
944
564
184
699
619
995
260
328
397
121
906
785
845
34
755
867
514
499
447
785
309
184
751
787
815
681
844
184
292
586
687
915
56
345
606
517
741
533
974
201
254
354
912
988
576
816
904
683
374
614
66
323
459
457
680
92
140
991
662
461
911
438
537
162
784
975
989
373
449
90
208
600
544
492
708
971
722
923
993
369
329
798
227
592
931
790
751
799
381
571
250
870
17
516
547
317
778
973
84
481
693
156
6
243
936
175
804
533
475
90
451
612
159
392
497
177
115
567
459
898
139
913
513
711
607
665
949
389
691
695
788
619
513
330
737
111
766
560
769
881
610
192
887
661
929
51
224
370
722
894
306
409
66
973
670
597
222
81
57
46
166
50
494
576
648
295
110
453
546
272
478
590
808
745
791
345
837
218
354
906
374
960
463
71
680
106
840
742
680
698
641
467
98
324
879
912
569
498
413
625
655
742
733
201
176
709
704
69
353
976
242
296
578
6
960
387
702
55
467
574
437
95
428
895
906
871
531
50
197
232
351
686
213
852
441
360
115
867
933
403
381
4
512
823
46
410
819
272
210
101
269
229
122
797
51
774
664
304
587
129
352
269
331
740
584
306
199
928
30
936
884
108
474
921
85
677
372
638
307
184
389
180
122
315
19
828
439
838
342
763
170
426
277
453
87
234
853
568
9
10
702
837
42
57
556
286
224
525
120
541
760
560
586
804
380
931
650
671
791
351
748
874
248
537
583
114
17
591
591
25
475
403
362
992
154
703
544
77
378
354
585
596
34
340
173
742
632
862
276
520
93
456
857
601
23
893
437
763
180
417
687
765
420
602
732
353
768
172
82
709
820
832
655
880
11
535
744
267
853
851
982
451
120
800
730
28
72
195
866
980
215
687
180
536
312
612
644
700
413
648
318
359
807
851
721
468
210
38
201
947
751
606
806
7
121
869
671
232
111
171
825
635
726
440
506
84
570
82
48
54
930
235
220
273
720
944
5
188
986
615
40
660
57
506
810
281
745
22
325
686
1
35
117
767
977
606
903
67
393
848
105
262
966
811
850
705
604
395
384
873
390
5
576
856
396
14
845
492
347
851
213
396
961
275
244
361
72
510
981
929
634
944
471
231
902
68
42
996
752
381
532
203
283
908
716
516
978
683
214
398
8
196
960
289
131
345
979
984
859
883
942
120
775
854
913
806
221
115
56
889
956
485
602
18
610
407
744
775
616
607
910
719
401
604
691
136
501
468
150
63
702
520
340
155
727
454
403
966
383
10
712
67
10
11
255
850
323
690
291
555
731
689
806
978
762
295
904
473
918
126
266
492
652
823
548
269
842
405
282
116
653
617
535
729
4
285
73
648
576
832
936
492
407
859
997
986
69
139
588
468
16
950
387
34
924
610
905
431
321
95
679
972
335
292
586
962
80
703
584
258
834
48
638
522
251
862
559
230
491
665
700
976
376
637
35
169
658
454
705
485
521
4
163
252
238
144
83
335
240
933
237
195
281
757
961
328
81
82
226
684
799
385
134
556
962
319
980
664
800
993
488
526
669
784
565
52
426
962
128
176
837
68
541
59
193
313
182
282
569
885
319
82
511
944
393
424
41
532
683
376
346
619
463
470
318
214
882
888
662
319
819
876
30
351
114
88
795
452
538
455
88
585
363
381
752
271
516
770
124
385
629
692
475
861
367
458
63
14
488
708
940
165
279
916
381
55
407
380
8
260
407
580
947
150
700
80
889
682
664
263
68
562
874
814
341
547
354
1
400
775
963
185
338
449
38
164
621
857
408
358
932
58
245
454
300
763
597
168
52
194
354
643
306
900
799
37
344
747
169
487
115
337
659
969
751
196
848
813
508
578
363
572
739
828
186
898
299
90
933
127
664
919
205
828
390
21
480
155
115
81
311
638
80
571
928
672
261
910
891
85
222
159
967
475
46
801
368
22
951
132
272
461
241
370
671
130
17
961
10
218
60
182
197
438
902
593
884
611
591
414
978
566
412
932
361
49
541
48
323
654
482
339
969
590
952
404
513
625
187
273
285
497
100
448
912
384
362
81
3
605
327
358
692
578
633
590
386
366
703
776
118
784
736
70
131
287
380
877
961
335
414
867
111
957
61
832
714
179
321
236
777
195
794
66
302
768
326
580
62
331
382
555
359
244
248
897
603
592
81
345
689
796
723
713
922
254
948
198
275
280
764
327
671
737
514
165
566
787
209
197
457
563
753
843
659
159
347
714
23
105
672
699
301
114
844
602
490
734
635
51
808
578
217
625
110
8
207
120
919
563
632
324
577
439
349
659
840
161
511
865
281
335
753
373
308
183
947
901
821
813
742
193
882
583
687
190
209
861
829
309
240
407
685
889
364
878
171
236
343
695
953
126
412
157
796
808
616
352
958
818
390
939
773
715
718
570
979
367
982
382
923
62
264
89
83
233
882
235
764
199
310
336
646
292
80
545
253
911
674
424
140
582
694
544
386
807
618
378
280
456
235
518
956
141
731
323
960
28
686
402
303
410
486
640
575
833
237
451
501
852
728
618
1
517
135
28
428
676
230
428
256
320
33
998
962
375
441
971
453
883
491
850
544
791
825
592
901
301
270
422
347
439
564
109
130
905
28
954
420
499
11
583
946
662
584
160
714
757
647
4
648
612
686
985
497
33
171
707
379
487
640
475
590
934
931
22
834
65
311
358
606
230
41
132
464
258
974
57
919
885
162
854
795
188
298
961
342
808
492
262
159
329
936
348
663
626
552
767
699
417
648
849
525
164
585
27
612
890
134
573
681
764
91
656
607
841
688
591
902
427
37
614
366
356
215
656
358
104
234
667
65
320
744
935
85
928
410
205
555
184
174
845
107
326
548
862
296
93
609
482
779
219
75
626
177
458
202
383
971
108
821
112
83
6
55
639
163
222
348
687
536
256
38
977
6
378
392
543
354
870
121
983
898
363
353
215
26
260
315
478
621
593
349
480
693
970
106
755
483
393
959
406
720
6
531
428
119
863
49
335
561
115
995
386
382
924
958
544
52
968
205
256
892
407
305
823
242
735
964
962
923
848
824
387
895
655
691
205
812
887
290
792
982
367
815
382
755
987
896
613
131
751
519
834
386
816
915
946
500
443
900
205
397
59
808
197
136
980
926
68
606
432
718
137
414
254
699
214
800
34
29
171
912
352
179
370
578
250
58
315
892
474
466
726
77
391
986
485
395
946
60
939
714
62
160
485
854
723
971
195
722
653
36
819
390
378
317
764
508
17
700
614
559
521
675
688
618
520
142
602
173
993
777
10
758
513
958
315
816
800
674
908
577
202
500
665
497
332
964
188
731
691
667
98
428
80
560
481
857
615
304
531
829
364
41
810
919
170
205
787
337
318
527
914
701
989
12
839
595
183
197
308
843
559
768
413
283
131
557
257
453
138
590
227
889
820
90
907
542
473
285
121
647
77
497
413
240
228
77
208
675
921
584
844
348
641
953
139
987
249
551
671
908
885
671
329
703
469
635
545
185
855
487
281
11
488
474
270
49
667
539
859
433
415
370
120
365
242
134
241
198
26
985
376
982
135
269
929
422
536
213
884
585
438
246
333
937
953
227
860
435
379
90
114
274
479
39
898
225
592
361
377
316
787
200
897
583
244
965
786
558
287
431
842
142
414
597
337
891
939
901
703
57
703
35
667
389
313
564
925
769
891
343
845
626
626
527
928
423
344
439
853
52
565
137
982
993
257
677
400
92
741
584
173
687
432
472
125
855
587
488
2
763
379
57
89
975
513
952
5
472
954
308
481
135
110
215
335
104
131
769
616
392
997
167
132
26
827
479
146
931
950
309
940
634
467
88
946
602
205
287
232
869
670
466
863
545
954
585
263
777
325
535
91
537
822
17
581
439
695
141
150
875
785
150
164
464
931
48
797
833
117
189
758
57
107
695
222
844
792
762
521
175
189
249
660
611
387
194
560
694
529
632
166
491
703
640
733
741
702
165
986
720
769
583
649
656
873
38
435
420
322
98
969
166
786
201
289
614
245
513
440
709
674
685
796
148
310
29
698
496
890
114
524
238
71
534
261
933
357
115
984
39
929
78
344
44
712
353
871
143
361
858
500
852
972
527
662
712
309
398
119
525
529
325
652
357
506
793
679
509
485
851
666
745
909
312
977
226
104
33
317
945
553
636
976
780
925
86
255
168
271
620
406
671
492
148
465
442
952
605
776
416
290
300
802
251
225
484
909
573
320
861
423
230
396
418
40
218
598
621
977
541
314
925
590
771
46
731
551
261
72
281
860
472
309
966
282
20
913
255
809
15
882
536
319
927
132
155
859
127
832
904
872
487
42
942
670
388
792
336
938
132
601
824
918
843
98
266
697
907
146
665
90
924
50
632
292
299
860
105
900
765
162
998
37
661
619
999
147
463
681
918
732
813
230
144
964
31
485
385
809
630
881
375
14
835
206
68
85
309
191
747
456
897
25
83
840
780
22
824
331
315
479
721
936
847
335
937
974
170
383
584
590
992
508
981
499
866
621
201
779
755
205
633
851
752
564
925
311
379
480
516
146
481
996
254
351
144
999
208
59
863
587
664
896
445
968
579
710
477
862
108
367
38
813
812
313
499
956
60
457
700
219
106
241
665
988
501
166
599
513
139
983
436
427
566
875
498
997
355
571
55
278
173
995
905
392
841
926
549
608
444
554
400
486
142
401
928
180
638
471
529
53
337
412
710
280
363
497
273
726
719
302
26
885
697
129
447
656
794
447
295
421
313
365
336
825
435
469
966
35
320
268
833
864
783
576
567
392
341
737
938
688
337
225
136
380
352
375
525
397
123
803
686
963
954
648
478
436
747
14
924
238
134
871
762
202
302
378
302
28
490
171
356
22
214
764
598
572
515
646
787
884
410
636
271
485
277
475
543
949
971
708
872
595
360
394
225
96
719
639
401
660
410
687
969
258
919
322
927
962
871
833
962
63
844
797
216
885
922
723
296
936
927
307
506
24
136
412
143
116
472
282
828
111
851
58
903
418
100
864
443
470
201
549
76
6
543
652
584
961
692
360
250
744
382
582
838
452
628
744
948
461
477
838
952
141
826
378
612
510
593
661
671
290
899
561
680
521
684
325
200
442
880
660
356
30
195
858
660
378
324
128
440
572
504
215
591
177
573
195
969
488
13
269
841
331
347
116
404
277
587
835
702
883
982
539
33
16
55
202
739
398
697
179
62
689
750
52
381
37
170
725
431
736
138
825
247
817
497
877
961
512
135
417
724
114
88
49
341
58
794
849
133
733
928
215
60
323
422
188
969
565
139
106
233
938
674
763
863
176
685
82
194
365
999
275
693
327
92
662
440
792
533
158
491
268
66
784
421
579
836
425
339
42
988
979
676
170
287
429
584
66
849
414
202
829
544
316
139
429
939
238
365
305
293
903
444
423
886
914
517
315
8
175
785
355
70
551
49
228
313
10
931
589
11
240
338
983
920
911
10
254
222
941
88
307
960
571
980
60
307
118
295
671
535
316
559
788
126
674
727
576
641
704
340
10
110
34
299
690
708
958
435
540
682
107
187
393
747
140
19
24
28
85
65
706
258
746
508
967
446
953
517
121
87
288
153
641
822
429
840
688
409
427
612
989
976
455
889
870
127
233
410
369
818
343
761
936
427
278
825
240
643
683
5
58
638
95
827
909
668
336
602
72
10
158
106
131
661
503
903
424
717
740
144
755
161
620
557
820
974
237
993
40
686
617
688
635
556
322
367
668
197
182
387
97
186
237
203
348
716
928
904
438
813
806
137
984
948
245
732
801
929
419
876
135
621
176
724
471
904
413
567
42
656
384
787
523
16
978
594
535
962
788
946
91
899
70
693
227
406
200
882
251
452
341
854
401
987
144
366
288
372
44
228
188
113
417
282
894
217
816
918
708
855
786
869
598
126
638
484
524
904
266
116
725
73
501
419
702
125
148
891
436
851
723
913
980
127
412
171
522
151
675
601
629
877
172
318
746
163
377
649
784
434
34
286
305
810
255
460
29
908
744
522
519
421
463
220
395
199
745
922
525
6
629
640
524
102
779
7
705
727
99
691
426
853
437
685
953
321
140
888
176
439
987
971
951
644
73
672
286
262
281
144
120
623
990
746
722
97
597
762
897
483
500
745
220
890
302
426
996
781
93
14
278
455
455
988
986
116
603
361
984
830
21
999
307
349
966
384
900
330
217
697
531
722
267
176
791
824
952
647
921
285
509
616
181
454
714
438
210
504
391
221
119
78
158
430
940
360
618
955
723
252
769
61
46
686
599
142
877
934
9
798
473
419
649
7
153
157
472
821
494
531
941
117
881
128
561
387
981
179
284
38
19
274
567
235
291
507
434
449
313
801
914
195
481
150
271
448
364
310
905
441
490
617
884
324
33
13
638
997
94
90
891
40
392
603
193
872
711
510
360
816
968
195
227
63
535
304
326
683
871
290
87
107
105
694
371
964
851
755
254
540
770
277
387
268
812
864
553
413
984
928
322
546
814
19
469
410
823
269
179
768
453
923
482
515
341
657
628
405
132
155
187
845
703
802
743
788
409
213
307
354
292
998
638
101
200
931
921
396
241
339
889
158
218
550
721
4
798
947
310
331
790
938
280
969
463
180
196
670
810
298
287
559
668
373
473
700
597
721
600
443
151
940
737
78
339
753
250
719
189
849
276
432
838
648
797
858
934
293
437
970
972
246
625
886
471
618
436
814
971
649
931
607
113
439
61
830
65
237
670
698
528
911
462
218
227
99
456
887
3
362
455
539
962
988
746
967
93
892
914
520
250
162
638
540
91
759
309
65
95
821
515
997
987
514
117
257
738
671
52
407
750
889
728
645
717
996
346
277
462
151
429
655
199
537
311
120
291
844
444
29
356
961
122
951
870
581
579
51
498
76
256
60
22
706
522
665
994
706
485
807
829
539
601
739
225
661
896
477
1
372
629
433
495
869
691
293
364
15
569
152
73
747
978
125
79
914
898
598
981
103
932
784
644
911
739
446
645
442
584
632
720
620
567
301
716
126
36
476
864
988
737
605
984
920
386
264
472
520
256
988
900
229
961
651
832
480
152
962
590
804
652
700
579
774
732
33
243
169
608
6
813
704
3
686
513
815
642
307
385
23
308
779
942
892
373
816
778
306
682
188
718
345
74
8
886
213
218
135
762
712
89
967
398
825
669
555
145
222
681
76
635
794
885
865
843
459
788
675
136
112
599
12
263
233
203
520
248
980
695
852
267
436
925
96
199
319
423
941
736
783
84
619
163
19
494
394
363
966
10
421
688
501
608
405
342
802
157
309
486
236
627
477
819
921
687
576
808
426
549
333
413
418
93
845
319
73
413
416
833
453
803
11
662
659
461
973
798
775
972
238
481
451
706
487
938
231
767
25
557
125
307
793
914
443
85
872
568
719
835
927
831
581
678
633
48
794
301
325
758
815
825
447
439
399
72
785
84
355
338
83
494
721
641
753
343
504
303
699
251
802
472
72
991
244
797
990
517
964
656
987
960
391
323
754
887
887
304
820
290
587
463
662
623
765
266
560
491
578
707
443
486
269
819
978
881
309
184
39
341
469
914
77
513
241
647
689
291
814
598
862
737
22
953
909
954
731
485
100
269
935
500
433
761
800
336
52
60
952
668
273
661
524
679
646
617
104
419
9
384
328
819
871
828
417
874
714
239
228
372
144
434
611
823
603
513
362
103
535
203
261
168
265
644
74
36
857
876
141
722
386
416
687
370
401
194
542
75
75
268
470
136
208
915
267
301
564
725
104
372
286
933
113
904
209
95
848
541
837
596
943
51
595
575
370
802
187
341
397
488
926
775
664
996
293
839
145
625
209
878
60
111
508
56
750
738
186
130
925
376
696
881
387
442
232
877
444
160
81
538
414
645
469
410
762
598
632
981
192
255
511
873
626
826
67
845
919
787
632
604
716
25
561
921
505
939
34
124
584
109
902
654
465
703
633
286
68
98
355
282
723
100
767
164
459
296
986
226
698
398
951
264
991
336
13
179
458
918
281
632
992
624
354
459
713
873
677
88
151
370
175
612
967
460
786
626
168
167
196
559
802
967
308
784
22
70
735
649
188
612
227
8
155
290
140
682
802
44
60
22
953
257
699
977
920
697
899
38
969
285
610
759
753
587
289
134
806
143
756
988
734
581
699
623
456
520
75
653
342
174
553
400
508
916
791
602
30
4
153
503
314
550
489
630
209
517
325
642
369
478
989
378
963
334
668
78
625
566
32
548
400
619
797
758
937
736
308
432
16
227
811
513
649
612
848
767
811
240
118
268
441
262
607
166
819
658
58
834
420
482
471
601
889
928
665
618
616
807
171
996
828
190
266
97
514
89
128
96
951
252
811
671
649
11
665
99
931
443
728
274
935
630
946
729
732
953
379
68
507
442
918
141
68
90
896
970
255
115
515
663
4
288
479
49
697
992
633
41
237
743
941
853
974
715
860
528
555
72
946
235
92
162
500
288
401
888
681
641
480
703
335
394
685
446
951
454
362
109
173
423
608
382
963
461
914
750
421
962
411
800
99
227
185
102
548
651
430
890
308
314
747
720
510
727
964
989
557
391
330
450
906
39
309
307
186
947
938
479
825
29
476
635
131
974
239
577
594
865
689
645
735
864
466
754
900
475
720
161
604
275
567
92
796
407
128
176
584
900
296
374
998
662
22
29
288
16
591
138
402
197
858
515
505
350
855
708
281
737
676
65
67
244
425
574
134
630
580
219
834
527
406
906
737
948
331
100
524
37
744
165
43
710
856
183
126
659
200
946
48
335
825
802
932
9
202
667
885
273
473
105
111
1
702
507
484
917
217
94
231
638
727
241
572
503
418
914
970
520
56
627
849
682
90
109
346
28
510
674
84
507
622
815
161
355
328
889
53
128
7
25
416
325
926
774
1
438